<!DOCTYPE HTML>
<html>
  <head>
    <meta charset="UTF-8">
    <title>Tomtom Results</title>
    <script>
      // @JSON_VAR data
      var data = {
        "program": "Tomtom",
        "version": "5.4.1",
        "release": "Sat Aug 21 19:23:23 2021 -0700",
        "cmd": [
          "tomtom", "-verbosity", "1", "-oc",
          "/ocean/projects/bio230007p/sujathab/Motif_analysis/output/meme_chip_human_promoter/meme_tomtom_out",
          "-min-overlap", "5", "-dist", "pearson", "-evalue", "-thresh", "1",
          "-no-ssc",
          "/ocean/projects/bio230007p/sujathab/Motif_analysis/output/meme_chip_human_promoter/meme_out/meme.xml",
          "/ocean/projects/bio230007p/sujathab/motif_dbs/JASPAR2026_vertebrates_combined.meme"
        ],
        "options": {
          "strands": "both",
          "distance_measure": "pearson",
          "threshold_type": "evalue",
          "threshold_value": 1,
          "background_source": "--query--"
        },
        "alphabet": {
          "name": "DNA",
          "like": "dna",
          "ncore": 4,
          "symbols": [
            {
              "symbol": "A",
              "name": "Adenine",
              "colour": "CC0000",
              "complement": "T"
            }, {
              "symbol": "C",
              "name": "Cytosine",
              "colour": "0000CC",
              "complement": "G"
            }, {
              "symbol": "G",
              "name": "Guanine",
              "colour": "FFB300",
              "complement": "C"
            }, {
              "symbol": "T",
              "aliases": "U",
              "name": "Thymine",
              "colour": "008000",
              "complement": "A"
            }, {
              "symbol": "N",
              "aliases": "X.",
              "name": "Any base",
              "equals": "ACGT"
            }, {
              "symbol": "V",
              "name": "Not T",
              "equals": "ACG"
            }, {
              "symbol": "H",
              "name": "Not G",
              "equals": "ACT"
            }, {
              "symbol": "D",
              "name": "Not C",
              "equals": "AGT"
            }, {
              "symbol": "B",
              "name": "Not A",
              "equals": "CGT"
            }, {
              "symbol": "M",
              "name": "Amino",
              "equals": "AC"
            }, {
              "symbol": "R",
              "name": "Purine",
              "equals": "AG"
            }, {
              "symbol": "W",
              "name": "Weak",
              "equals": "AT"
            }, {
              "symbol": "S",
              "name": "Strong",
              "equals": "CG"
            }, {
              "symbol": "Y",
              "name": "Pyrimidine",
              "equals": "CT"
            }, {
              "symbol": "K",
              "name": "Keto",
              "equals": "GT"
            }
          ]
        },
        "background": [0.192, 0.308, 0.308, 0.192],
        "query_dbs": [
          {
            "source": "/ocean/projects/bio230007p/sujathab/Motif_analysis/output/meme_chip_human_promoter/meme_out/meme.xml",
            "name": "meme.xml",
            "loaded": 10,
            "excluded": 0,
            "last_modified": "Thu Apr  9 06:15:34 2026"
          }
        ],
        "target_dbs": [
          {
            "source": "/ocean/projects/bio230007p/sujathab/motif_dbs/JASPAR2026_vertebrates_combined.meme",
            "name": "JASPAR2026_vertebrates_combined",
            "loaded": 1019,
            "excluded": 0,
            "last_modified": "Tue Apr  7 23:54:07 2026"
          }
        ],
        "queries": [
          {
            "db": 0,
            "id": "AAMTBAHWTTAAATR",
            "alt": "MEME-10",
            "len": 15,
            "nsites": 64,
            "evalue": "7.8e+001",
            "pwm": [
              [0.827133, 0.172087, 0.000480499, 0.000299532], 
              [0.733529, 0.000480499, 0.265691, 0.000299532], 
              [0.561922, 0.437298, 0.000480499, 0.000299532], 
              [0.000299532, 0.000480499, 0.000480499, 0.998739], 
              [0.000299532, 0.312493, 0.421697, 0.26551], 
              [0.702328, 0.000480499, 0.296892, 0.000299532], 
              [0.281111, 0.468499, 0.000480499, 0.24991], 
              [0.234309, 0.218889, 0.0784836, 0.468318], 
              [0.218708, 0.000480499, 0.000480499, 0.780331], 
              [0.234309, 0.000480499, 0.187688, 0.577523], 
              [0.624324, 0.172087, 0.000480499, 0.203108], 
              [0.483919, 0.218889, 0.0940842, 0.203108], 
              [0.717928, 0.000480499, 0.000480499, 0.281111], 
              [0.140705, 0.000480499, 0.000480499, 0.858334], 
              [0.405916, 0.000480499, 0.562103, 0.0315008]
            ]
          }, {
            "db": 0,
            "id": "CCSSCSCCGCCSCCGCCGCC",
            "alt": "MEME-2",
            "len": 20,
            "nsites": 1454,
            "evalue": "3.3e-074",
            "pwm": [
              [0.0378376, 0.674666, 0.180889, 0.106608], 
              [1.32041e-05, 0.788138, 0.115556, 0.0962926], 
              [0.0632829, 0.403019, 0.393392, 0.140307], 
              [0.046778, 0.582512, 0.320494, 0.0502158], 
              [0.0770369, 0.661599, 0.193268, 0.0680965], 
              [0.0288972, 0.348003, 0.582512, 0.0405884], 
              [0.0557174, 0.817709, 0.105929, 0.0206448], 
              [0.113485, 0.847969, 2.11815e-05, 0.0385246], 
              [0.0625949, 0.0660416, 0.731745, 0.139619], 
              [1.32041e-05, 0.836965, 0.0481609, 0.114861], 
              [1.32041e-05, 0.806706, 0.107992, 0.0852893], 
              [0.123114, 0.326684, 0.534372, 0.0158301], 
              [0.0144552, 0.98551, 2.11815e-05, 1.32041e-05], 
              [0.0536545, 0.671227, 0.18639, 0.0887281], 
              [0.0625949, 0.112805, 0.65197, 0.172628], 
              [1.32041e-05, 0.91055, 0.0371576, 0.0522796], 
              [1.32041e-05, 0.980009, 2.11815e-05, 0.0199568], 
              [0.0502158, 0.244846, 0.520618, 0.18432], 
              [1.32041e-05, 0.882353, 0.116932, 0.000701157], 
              [0.0158301, 0.723492, 0.164384, 0.0962926]
            ]
          }, {
            "db": 0,
            "id": "GAGGRRGRGRRGGAGGRRGR",
            "alt": "MEME-4",
            "len": 20,
            "nsites": 1195,
            "evalue": "5.1e-036",
            "pwm": [
              [0.174061, 0.000862702, 0.619221, 0.205857], 
              [0.557291, 0.0527414, 0.261092, 0.128875], 
              [0.224265, 0.00337249, 0.772346, 1.60656e-05], 
              [0.266103, 0.111313, 0.58073, 0.0418536], 
              [0.328859, 0.0468839, 0.597466, 0.0267918], 
              [0.520475, 0.0770063, 0.261092, 0.141427], 
              [0.0928953, 0.245193, 0.661895, 1.60656e-05], 
              [0.328859, 0.000862702, 0.561485, 0.108794], 
              [0.16904, 0.0719868, 0.758958, 1.60656e-05], 
              [0.37739, 0.129722, 0.492872, 1.60656e-05], 
              [0.465249, 0.0268015, 0.460238, 0.0477111], 
              [0.329695, 0.00253556, 0.667752, 1.60656e-05], 
              [0.153141, 0.216744, 0.629262, 0.000852996], 
              [0.739703, 0.000862702, 0.092905, 0.166529], 
              [0.0937322, 2.57719e-05, 0.814184, 0.0920584], 
              [0.256899, 0.113824, 0.629262, 1.60656e-05], 
              [0.446004, 2.57719e-05, 0.515464, 0.0385068], 
              [0.560638, 0.000862702, 0.346441, 0.0920584], 
              [0.243511, 2.57719e-05, 0.756447, 1.60656e-05], 
              [0.394962, 0.134742, 0.470279, 1.60656e-05]
            ]
          }, {
            "db": 0,
            "id": "GCGSGSVGSGSGGCGSGVGS",
            "alt": "MEME-9",
            "len": 20,
            "nsites": 475,
            "evalue": "2.4e+000",
            "pwm": [
              [4.04126e-05, 6.48284e-05, 0.999854, 4.04126e-05], 
              [0.176845, 0.728333, 0.0947819, 4.04126e-05], 
              [0.0568704, 6.48284e-05, 0.869356, 0.0737089], 
              [0.101072, 0.374723, 0.524165, 4.04126e-05], 
              [0.00214497, 0.303159, 0.663083, 0.0316128], 
              [4.04126e-05, 0.429448, 0.549423, 0.021089], 
              [0.294715, 0.229491, 0.446287, 0.0295082], 
              [0.00845964, 0.298949, 0.692551, 4.04126e-05], 
              [0.0274027, 0.332627, 0.570471, 0.0694998], 
              [0.0610806, 0.267377, 0.671502, 4.04126e-05], 
              [0.0442421, 0.355779, 0.519955, 0.0800236], 
              [0.227361, 0.10741, 0.623092, 0.0421366], 
              [0.0295082, 0.263167, 0.707284, 4.04126e-05], 
              [0.170531, 0.829364, 6.48284e-05, 4.04126e-05], 
              [4.04126e-05, 0.0547903, 0.945129, 4.04126e-05], 
              [4.04126e-05, 0.341046, 0.658873, 4.04126e-05], 
              [0.0147743, 0.145297, 0.839888, 4.04126e-05], 
              [0.250514, 0.490488, 0.258957, 4.04126e-05], 
              [0.107386, 0.0884672, 0.751486, 0.0526613], 
              [0.0379274, 0.418924, 0.517851, 0.0252981]
            ]
          }, {
            "db": 0,
            "id": "GGGGCGGGGCC",
            "alt": "MEME-6",
            "len": 11,
            "nsites": 1054,
            "evalue": "4.4e-004",
            "pwm": [
              [0.0768609, 2.92192e-05, 0.722921, 0.200189], 
              [1.82146e-05, 2.92192e-05, 0.999934, 1.82146e-05], 
              [1.82146e-05, 0.00192704, 0.998037, 1.82146e-05], 
              [1.82146e-05, 2.92192e-05, 0.992345, 0.00760749], 
              [0.119552, 0.789328, 2.92192e-05, 0.0910916], 
              [1.82146e-05, 2.92192e-05, 0.999934, 1.82146e-05], 
              [1.82146e-05, 2.92192e-05, 0.921194, 0.0787587], 
              [0.179318, 2.92192e-05, 0.819685, 0.000967125], 
              [0.0208892, 2.92192e-05, 0.979063, 1.82146e-05], 
              [0.0502984, 0.814943, 2.92192e-05, 0.13473], 
              [1.82146e-05, 0.516109, 0.245737, 0.238136]
            ]
          }, {
            "db": 0,
            "id": "GTGTGTGTGTGTGTGTGTGT",
            "alt": "MEME-3",
            "len": 20,
            "nsites": 95,
            "evalue": "6.2e-029",
            "pwm": [
              [0.000201893, 0.000323869, 0.999272, 0.000201893], 
              [0.0212328, 0.000323869, 0.0108388, 0.967605], 
              [0.0632935, 0.000323869, 0.936181, 0.000201893], 
              [0.000201893, 0.000323869, 0.0213547, 0.97812], 
              [0.000201893, 0.000323869, 0.999272, 0.000201893], 
              [0.000201893, 0.0213547, 0.000323869, 0.97812], 
              [0.0317477, 0.000323869, 0.967727, 0.000201893], 
              [0.000201893, 0.0634155, 0.0108388, 0.925544], 
              [0.0843243, 0.000323869, 0.873089, 0.0422626], 
              [0.000201893, 0.0318697, 0.000323869, 0.967605], 
              [0.0317477, 0.0108388, 0.957212, 0.000201893], 
              [0.0317477, 0.0423846, 0.000323869, 0.925544], 
              [0.0317477, 0.0213547, 0.946696, 0.000201893], 
              [0.0212328, 0.000323869, 0.0634155, 0.915028], 
              [0.000201893, 0.000323869, 0.957212, 0.0422626], 
              [0.000201893, 0.000323869, 0.0949613, 0.904513], 
              [0.000201893, 0.0108388, 0.988757, 0.000201893], 
              [0.000201893, 0.0529005, 0.105476, 0.841421], 
              [0.000201893, 0.0108388, 0.904635, 0.0843243], 
              [0.0107168, 0.0634155, 0.137022, 0.788846]
            ]
          }, {
            "db": 0,
            "id": "MAGVAGGAARWKRASDADGA",
            "alt": "MEME-8",
            "len": 20,
            "nsites": 206,
            "evalue": "7.0e-007",
            "pwm": [
              [0.533815, 0.29127, 0.000149442, 0.174765], 
              [0.567779, 0.000149442, 0.208786, 0.223286], 
              [0.218434, 0.203934, 0.548427, 0.029205], 
              [0.266954, 0.470795, 0.262158, 9.31588e-05], 
              [0.902568, 0.0583732, 0.0389656, 9.31588e-05], 
              [0.155358, 0.0923377, 0.655171, 0.0971331], 
              [0.252398, 0.000149442, 0.74736, 9.31588e-05], 
              [0.713339, 0.223342, 0.000149442, 0.0631695], 
              [0.824936, 0.0971893, 0.000149442, 0.0777255], 
              [0.339734, 0.087486, 0.509611, 0.0631695], 
              [0.441627, 0.0389656, 0.12145, 0.397958], 
              [0.223286, 0.000149442, 0.470795, 0.30577], 
              [0.363995, 0.160266, 0.475647, 9.31588e-05], 
              [0.431923, 0.160266, 0.213638, 0.194174], 
              [0.0049448, 0.339791, 0.655171, 9.31588e-05], 
              [0.325178, 0.0971893, 0.359198, 0.218434], 
              [0.999608, 0.000149442, 0.000149442, 9.31588e-05], 
              [0.368846, 0.0729301, 0.368902, 0.189321], 
              [9.31588e-05, 0.247602, 0.567835, 0.18447], 
              [0.592039, 0.0486699, 0.106894, 0.252398]
            ]
          }, {
            "db": 0,
            "id": "TCTTTTTKTTT",
            "alt": "MEME-5",
            "len": 11,
            "nsites": 64,
            "evalue": "1.1e-003",
            "pwm": [
              [0.187507, 0.000480499, 0.0472824, 0.76473], 
              [0.0159002, 0.686908, 0.296892, 0.000299532], 
              [0.0783027, 0.000480499, 0.000480499, 0.920736], 
              [0.0939033, 0.000480499, 0.0160811, 0.889535], 
              [0.0939033, 0.000480499, 0.000480499, 0.905136], 
              [0.000299532, 0.125285, 0.000480499, 0.873934], 
              [0.000299532, 0.000480499, 0.000480499, 0.998739], 
              [0.000299532, 0.000480499, 0.546502, 0.452718], 
              [0.000299532, 0.000480499, 0.000480499, 0.998739], 
              [0.000299532, 0.125285, 0.203289, 0.671126], 
              [0.000299532, 0.000480499, 0.000480499, 0.998739]
            ]
          }, {
            "db": 0,
            "id": "WAAARAAAAAAAAAAWNAAA",
            "alt": "MEME-1",
            "len": 20,
            "nsites": 753,
            "evalue": "4.4e-090",
            "pwm": [
              [0.406347, 0.115564, 0.11158, 0.366511], 
              [0.702455, 4.08976e-05, 0.00136872, 0.296135], 
              [0.5949, 0.144776, 0.12353, 0.136793], 
              [0.999893, 4.08976e-05, 4.08976e-05, 2.54947e-05], 
              [0.509918, 0.00535219, 0.26561, 0.21912], 
              [0.563032, 0.0983018, 0.233742, 0.104926], 
              [0.5949, 0.0783835, 0.176644, 0.150072], 
              [0.649341, 0.0345653, 0.156727, 0.159367], 
              [0.517885, 0.158055, 0.183284, 0.140777], 
              [0.689177, 0.116891, 4.08976e-05, 0.193891], 
              [0.69316, 0.0757278, 0.0956462, 0.135466], 
              [0.717061, 0.126186, 0.00269654, 0.154055], 
              [0.45282, 0.151415, 0.200545, 0.195219], 
              [0.775487, 0.00136872, 0.115564, 0.107581], 
              [0.841879, 0.158055, 4.08976e-05, 2.54947e-05], 
              [0.55772, 0.00136872, 0.155398, 0.285513], 
              [0.325347, 0.256315, 0.208512, 0.209825], 
              [0.702455, 0.00136872, 0.00269654, 0.29348], 
              [0.55772, 0.134153, 0.0770557, 0.231071], 
              [0.606851, 0.0943184, 0.122203, 0.176629]
            ]
          }, {
            "db": 0,
            "id": "YASYGCCMCCTKGTGGYCA",
            "alt": "MEME-7",
            "len": 19,
            "nsites": 56,
            "evalue": "2.8e-003",
            "pwm": [
              [0.0538178, 0.410531, 0.196628, 0.339023], 
              [0.588578, 0.214453, 0.000549019, 0.196421], 
              [0.0359926, 0.535308, 0.374881, 0.0538178], 
              [0.000342246, 0.428356, 0.000549019, 0.570753], 
              [0.000342246, 0.000549019, 0.856164, 0.142945], 
              [0.0359926, 0.927465, 0.000549019, 0.0359926], 
              [0.000342246, 0.998766, 0.000549019, 0.000342246], 
              [0.374674, 0.60661, 0.000549019, 0.0181674], 
              [0.0181674, 0.695737, 0.000549019, 0.285547], 
              [0.000342246, 0.963116, 0.000549019, 0.0359926], 
              [0.000342246, 0.000549019, 0.000549019, 0.99856], 
              [0.196421, 0.0540245, 0.481833, 0.267722], 
              [0.000342246, 0.107501, 0.856164, 0.0359926], 
              [0.0181674, 0.0361994, 0.000549019, 0.945084], 
              [0.000342246, 0.000549019, 0.998766, 0.000342246], 
              [0.0181674, 0.000549019, 0.963116, 0.0181674], 
              [0.000342246, 0.428356, 0.107501, 0.463801], 
              [0.125119, 0.767037, 0.107501, 0.000342246], 
              [0.927258, 0.0718507, 0.000549019, 0.000342246]
            ]
          }
        ],
        "targets": [
          {
            "db": 0,
            "id": "MA0039.5",
            "alt": "KLF4",
            "len": 8,
            "nsites": 55817,
            "url": "http://jaspar.elixir.no/matrix/MA0039.5",
            "pwm": [
              [0.0441623, 0.881612, 0.0283615, 0.0458643], 
              [0.0377133, 0.857533, 0.0217505, 0.0830032], 
              [0.125786, 0.813461, 0.0254765, 0.0352763], 
              [0.0210153, 0.947291, 0.0142075, 0.0174863], 
              [0.81699, 0.00288455, 0.118208, 0.0619172], 
              [0.0152643, 0.938172, 0.0263365, 0.0202273], 
              [0.0289703, 0.915706, 0.0335025, 0.0218213], 
              [0.0215353, 0.914505, 0.0180055, 0.0459543]
            ]
          }, {
            "db": 0,
            "id": "MA0062.4",
            "alt": "GABPA",
            "len": 10,
            "nsites": 65479,
            "url": "http://jaspar.elixir.no/matrix/MA0062.4",
            "pwm": [
              [0.116663, 0.632233, 0.106737, 0.144367], 
              [0.798117, 0.0609054, 0.0744214, 0.0665562], 
              [0.0141883, 0.850104, 0.0331254, 0.102583], 
              [0.0593322, 0.0220384, 0.0147384, 0.903892], 
              [0.0131653, 0.0187854, 0.0249394, 0.943111], 
              [0.0213503, 0.937292, 0.0175634, 0.0237943], 
              [0.0151653, 0.963774, 0.00794146, 0.0131193], 
              [0.0262993, 0.0235504, 0.0696564, 0.880495], 
              [0.0338892, 0.0966423, 0.792925, 0.0765442], 
              [0.0816142, 0.183356, 0.1179, 0.617128]
            ]
          }, {
            "db": 0,
            "id": "MA0073.2",
            "alt": "RREB1",
            "len": 19,
            "nsites": 11,
            "url": "http://jaspar.elixir.no/matrix/MA0073.2",
            "pwm": [
              [0.272, 0.723496, 0.00277477, 0.00172973], 
              [0.0918197, 0.903676, 0.00277477, 0.00172973], 
              [0.272, 0.723496, 0.00277477, 0.00172973], 
              [0.00172973, 0.993766, 0.00277477, 0.00172973], 
              [0.632361, 0.363135, 0.00277477, 0.00172973], 
              [0.812541, 0.182955, 0.00277477, 0.00172973], 
              [0.722451, 0.273045, 0.00277477, 0.00172973], 
              [0.36209, 0.543316, 0.00277477, 0.0918197], 
              [0.00172973, 0.993766, 0.00277477, 0.00172973], 
              [0.992721, 0.00277477, 0.00277477, 0.00172973], 
              [0.36209, 0.633406, 0.00277477, 0.00172973], 
              [0.0918197, 0.903676, 0.00277477, 0.00172973], 
              [0.272, 0.723496, 0.00277477, 0.00172973], 
              [0.36209, 0.543316, 0.0928648, 0.00172973], 
              [0.18191, 0.813586, 0.00277477, 0.00172973], 
              [0.36209, 0.453225, 0.00277477, 0.18191], 
              [0.36209, 0.453225, 0.0928648, 0.0918197], 
              [0.36209, 0.543316, 0.00277477, 0.0918197], 
              [0.0918197, 0.633406, 0.273045, 0.00172973]
            ]
          }, {
            "db": 0,
            "id": "MA0079.5",
            "alt": "SP1",
            "len": 9,
            "nsites": 1000,
            "url": "http://jaspar.elixir.no/matrix/MA0079.5",
            "pwm": [
              [0.00107409, 0.00108569, 0.950358, 0.0474825], 
              [0.00107409, 0.00108569, 0.996766, 0.00107409], 
              [0.00107409, 0.00108569, 0.996766, 0.00107409], 
              [0.00107409, 0.00108569, 0.996766, 0.00107409], 
              [0.266871, 0.73097, 0.00108569, 0.00107409], 
              [0.00107409, 0.00108569, 0.996766, 0.00107409], 
              [0.00107409, 0.0854653, 0.912387, 0.00107409], 
              [0.254213, 0.0517136, 0.659248, 0.0348257], 
              [0.161395, 0.00108569, 0.836445, 0.00107409]
            ]
          }, {
            "db": 0,
            "id": "MA0080.7",
            "alt": "Spi1",
            "len": 13,
            "nsites": 105198,
            "url": "http://jaspar.elixir.no/matrix/MA0080.7",
            "pwm": [
              [0.632436, 0.0652392, 0.216801, 0.0855241], 
              [0.782143, 0.0547352, 0.100895, 0.0622261], 
              [0.774358, 0.0221493, 0.0971502, 0.106342], 
              [0.0820931, 0.115981, 0.760338, 0.0415881], 
              [0.855072, 0.0246583, 0.0915992, 0.0286702], 
              [0.0387551, 0.00522829, 0.944504, 0.0115122], 
              [0.0192782, 0.00789929, 0.963734, 0.00908817], 
              [0.969713, 0.0104093, 0.0101053, 0.00977217], 
              [0.94611, 0.00910728, 0.0173203, 0.0274622], 
              [0.0723971, 0.0671782, 0.847354, 0.0130712], 
              [0.161572, 0.0353243, 0.0487462, 0.754357], 
              [0.0947931, 0.0577482, 0.792648, 0.0548111], 
              [0.220479, 0.11005, 0.548195, 0.121276]
            ]
          }, {
            "db": 0,
            "id": "MA0081.3",
            "alt": "SPIB",
            "len": 13,
            "nsites": 26930,
            "url": "http://jaspar.elixir.no/matrix/MA0081.3",
            "pwm": [
              [0.0809134, 0.23873, 0.118568, 0.561789], 
              [0.0140747, 0.890121, 0.0639069, 0.0318986], 
              [0.903042, 0.0229871, 0.0248431, 0.0491275], 
              [0.00887568, 0.844038, 0.0934278, 0.0536585], 
              [0.0167107, 0.00876411, 0.00583112, 0.968694], 
              [0.00705569, 0.00742812, 0.00902411, 0.976492], 
              [0.00764968, 0.970848, 0.00568212, 0.0158197], 
              [0.0102127, 0.9466, 0.00479113, 0.0383966], 
              [0.0321206, 0.167732, 0.0679179, 0.73223], 
              [0.0378766, 0.74686, 0.0860018, 0.129261], 
              [0.184293, 0.145638, 0.029002, 0.641067], 
              [0.105384, 0.201448, 0.0774979, 0.615668], 
              [0.154437, 0.223877, 0.0894548, 0.532231]
            ]
          }, {
            "db": 0,
            "id": "MA0139.2",
            "alt": "CTCF",
            "len": 15,
            "nsites": 913,
            "url": "http://jaspar.elixir.no/matrix/MA0139.2",
            "pwm": [
              [0.307764, 0.0536969, 0.491765, 0.146774], 
              [0.0613503, 0.87617, 0.0230322, 0.0394467], 
              [0.00878207, 0.988972, 3.37312e-05, 0.00221179], 
              [0.814828, 0.0142712, 0.0712199, 0.0996811], 
              [0.0438282, 0.578283, 0.365821, 0.0120677], 
              [0.117333, 0.474763, 0.05266, 0.355245], 
              [0.933033, 0.0120934, 0.0351179, 0.0197559], 
              [0.00550843, 3.37312e-05, 0.991143, 0.00331367], 
              [0.365513, 0.00332637, 0.621261, 0.00989895], 
              [0.0592905, 0.0132043, 0.553211, 0.374294], 
              [0.0132066, 3.37312e-05, 0.977949, 0.00881106], 
              [0.0615523, 0.00882377, 0.851588, 0.0780345], 
              [0.114419, 0.806326, 0.00553413, 0.07372], 
              [0.409217, 0.0143332, 0.557729, 0.018721], 
              [0.0903191, 0.530813, 0.338103, 0.0407656]
            ]
          }, {
            "db": 0,
            "id": "MA0149.1",
            "alt": "EWSR1-FLI1",
            "len": 18,
            "nsites": 105,
            "url": "http://jaspar.elixir.no/matrix/MA0149.1",
            "pwm": [
              [0.000182683, 0.000293054, 0.999342, 0.000182683], 
              [0.0192126, 0.000293054, 0.980312, 0.000182683], 
              [0.989716, 0.000293054, 0.00980799, 0.000182683], 
              [0.989716, 0.000293054, 0.00980799, 0.000182683], 
              [0.00969762, 0.000293054, 0.989827, 0.000182683], 
              [0.0192126, 0.000293054, 0.970798, 0.00969762], 
              [0.980201, 0.000293054, 0.0193229, 0.000182683], 
              [0.970687, 0.000293054, 0.0288369, 0.000182683], 
              [0.000182683, 0.000293054, 0.989827, 0.00969762], 
              [0.000182683, 0.0193229, 0.980312, 0.000182683], 
              [0.942143, 0.0383518, 0.0193229, 0.000182683], 
              [0.999231, 0.000293054, 0.000293054, 0.000182683], 
              [0.000182683, 0.000293054, 0.999342, 0.000182683], 
              [0.000182683, 0.0193229, 0.980312, 0.000182683], 
              [0.951658, 0.0288369, 0.000293054, 0.0192126], 
              [0.970687, 0.000293054, 0.0193229, 0.00969762], 
              [0.0477564, 0.000293054, 0.923224, 0.0287265], 
              [0.0287265, 0.0288369, 0.923224, 0.0192126]
            ]
          }, {
            "db": 0,
            "id": "MA0162.5",
            "alt": "EGR1",
            "len": 10,
            "nsites": 30598,
            "url": "http://jaspar.elixir.no/matrix/MA0162.5",
            "pwm": [
              [0.474148, 0.336721, 0.125957, 0.0631744], 
              [0.0209826, 0.928261, 0.0247079, 0.0260475], 
              [0.167004, 0.0369639, 0.726746, 0.0692864], 
              [0.0074196, 0.958819, 0.0217339, 0.0120276], 
              [0.0470625, 0.892899, 0.0475529, 0.0124846], 
              [0.0102626, 0.9464, 0.0228129, 0.0205246], 
              [0.728706, 0.177136, 0.0693518, 0.0248065], 
              [0.00500061, 0.964342, 0.0228459, 0.0078116], 
              [0.153474, 0.0917057, 0.671415, 0.0834044], 
              [0.0316695, 0.823451, 0.0704958, 0.0743844]
            ]
          }, {
            "db": 0,
            "id": "MA0473.4",
            "alt": "ELF1",
            "len": 9,
            "nsites": 47770,
            "url": "http://jaspar.elixir.no/matrix/MA0473.4",
            "pwm": [
              [0.0647693, 0.793865, 0.100879, 0.0404863], 
              [0.882645, 0.0845305, 0.0195106, 0.0133144], 
              [0.00669939, 0.00881363, 0.976386, 0.00810138], 
              [0.0135864, 0.0105716, 0.962318, 0.0135234], 
              [0.96148, 0.0166636, 0.0141516, 0.00770439], 
              [0.947099, 0.0147586, 0.0163076, 0.0218344], 
              [0.0850532, 0.0328666, 0.873727, 0.00835338], 
              [0.0629893, 0.0417216, 0.0420146, 0.853275], 
              [0.119071, 0.0886755, 0.72759, 0.0646643]
            ]
          }, {
            "db": 0,
            "id": "MA0474.4",
            "alt": "Erg",
            "len": 10,
            "nsites": 30061,
            "url": "http://jaspar.elixir.no/matrix/MA0474.4",
            "pwm": [
              [0.654933, 0.0912157, 0.164199, 0.0896513], 
              [0.0611094, 0.823623, 0.0908827, 0.0243846], 
              [0.89062, 0.0851277, 0.015403, 0.00884961], 
              [0.00565562, 0.00442501, 0.983398, 0.00652062], 
              [0.00988061, 0.008816, 0.972055, 0.00924861], 
              [0.972952, 0.01181, 0.00911599, 0.00612162], 
              [0.927479, 0.012309, 0.00921599, 0.0509965], 
              [0.162802, 0.0390219, 0.785068, 0.0131076], 
              [0.0771104, 0.11011, 0.0954737, 0.717306], 
              [0.161206, 0.131001, 0.59938, 0.108413]
            ]
          }, {
            "db": 0,
            "id": "MA0493.3",
            "alt": "KLF1",
            "len": 8,
            "nsites": 1001,
            "url": "http://jaspar.elixir.no/matrix/MA0493.3",
            "pwm": [
              [0.00101808, 0.00102967, 0.996934, 0.00101808], 
              [0.00101808, 0.00102967, 0.996934, 0.00101808], 
              [0.00101808, 0.00102967, 0.996934, 0.00101808], 
              [0.124882, 0.52845, 0.00102967, 0.345639], 
              [0.00101808, 0.00102967, 0.996934, 0.00101808], 
              [0.00101808, 0.00102967, 0.674289, 0.323663], 
              [0.082011, 0.00103067, 0.895941, 0.0210171], 
              [0.00101808, 0.00102967, 0.996934, 0.00101808]
            ]
          }, {
            "db": 0,
            "id": "MA0516.3",
            "alt": "SP2",
            "len": 9,
            "nsites": 1000,
            "url": "http://jaspar.elixir.no/matrix/MA0516.3",
            "pwm": [
              [0.15323, 0.000763724, 0.766083, 0.0799232], 
              [0.167891, 0.000763724, 0.830593, 0.000752125], 
              [0.000752125, 0.000763724, 0.997732, 0.000752125], 
              [0.000752125, 0.000763724, 0.997732, 0.000752125], 
              [0.112178, 0.886306, 0.000763724, 0.000752125], 
              [0.000752125, 0.000763724, 0.997732, 0.000752125], 
              [0.000752125, 0.000763724, 0.974273, 0.0242108], 
              [0.120975, 0.000763724, 0.877509, 0.000752125], 
              [0.206011, 0.16497, 0.610674, 0.0183454]
            ]
          }, {
            "db": 0,
            "id": "MA0598.4",
            "alt": "EHF",
            "len": 9,
            "nsites": 15368,
            "url": "http://jaspar.elixir.no/matrix/MA0598.4",
            "pwm": [
              [0.137559, 0.578278, 0.100209, 0.183954], 
              [0.872849, 0.0296738, 0.0504307, 0.0470469], 
              [0.0109982, 0.853458, 0.0245328, 0.111011], 
              [0.0277861, 0.0108689, 0.00989294, 0.951453], 
              [0.00911119, 0.0106739, 0.0129509, 0.967265], 
              [0.0126902, 0.965183, 0.00904695, 0.0130802], 
              [0.0102822, 0.975855, 0.00657396, 0.0072892], 
              [0.0278511, 0.0395647, 0.100079, 0.832505], 
              [0.045225, 0.194106, 0.5896, 0.17107]
            ]
          }, {
            "db": 0,
            "id": "MA0599.1",
            "alt": "KLF5",
            "len": 10,
            "nsites": 13611,
            "url": "http://jaspar.elixir.no/matrix/MA0599.1",
            "pwm": [
              [0.10499, 0.148631, 0.556313, 0.190067], 
              [1.41062e-06, 0.874289, 2.26286e-06, 0.125707], 
              [1.41062e-06, 0.882224, 2.26286e-06, 0.117773], 
              [0.255455, 0.703031, 2.26286e-06, 0.0415121], 
              [1.41062e-06, 0.999995, 2.26286e-06, 1.41062e-06], 
              [0.371096, 2.26286e-06, 0.38072, 0.248182], 
              [1.41062e-06, 0.999995, 2.26286e-06, 1.41062e-06], 
              [1.41062e-06, 0.999995, 2.26286e-06, 1.41062e-06], 
              [1.41062e-06, 0.965023, 2.26286e-06, 0.0349732], 
              [0.287634, 0.411064, 2.26286e-06, 0.301299]
            ]
          }, {
            "db": 0,
            "id": "MA0640.3",
            "alt": "ELF3",
            "len": 9,
            "nsites": 48502,
            "url": "http://jaspar.elixir.no/matrix/MA0640.3",
            "pwm": [
              [0.133108, 0.576738, 0.0849865, 0.205167], 
              [0.837964, 0.0420605, 0.0539155, 0.0660593], 
              [0.0114224, 0.864912, 0.0281436, 0.0955222], 
              [0.0241433, 0.0282056, 0.0158346, 0.931815], 
              [0.00890738, 0.0194426, 0.0196696, 0.951979], 
              [0.0136494, 0.958331, 0.0116706, 0.0163504], 
              [0.00921638, 0.971237, 0.00975261, 0.00979338], 
              [0.0159994, 0.0271126, 0.0410096, 0.915879], 
              [0.0490083, 0.191291, 0.583872, 0.175828]
            ]
          }, {
            "db": 0,
            "id": "MA0657.2",
            "alt": "KLF13",
            "len": 17,
            "nsites": 3341,
            "url": "http://jaspar.elixir.no/matrix/MA0657.2",
            "pwm": [
              [0.219394, 0.0137768, 0.238254, 0.528574], 
              [0.287383, 9.21851e-06, 0.703635, 0.00897248], 
              [0.314119, 0.584539, 0.0367401, 0.0646018], 
              [0.0706246, 0.870039, 0.00189216, 0.057443], 
              [0.995383, 9.21851e-06, 0.00460208, 5.74662e-06], 
              [5.74662e-06, 0.992643, 0.00514506, 0.00220668], 
              [0.00784051, 0.000662199, 0.988553, 0.00294366], 
              [5.74662e-06, 0.995612, 9.21851e-06, 0.00437262], 
              [0.00272167, 0.997263, 9.21851e-06, 5.74662e-06], 
              [0.00056873, 0.990413, 9.21851e-06, 0.00900948], 
              [0.222756, 0.772853, 9.21851e-06, 0.00438162], 
              [0.0014717, 0.311676, 0.00147517, 0.685378], 
              [0.060004, 0.13462, 0.0207776, 0.784597], 
              [0.0664018, 0.0631793, 0.072588, 0.797831], 
              [0.167924, 0.126576, 0.192144, 0.513355], 
              [0.147716, 0.0643583, 0.176604, 0.611322], 
              [0.124348, 0.0964283, 0.534897, 0.244326]
            ]
          }, {
            "db": 0,
            "id": "MA0685.2",
            "alt": "SP4",
            "len": 9,
            "nsites": 999,
            "url": "http://jaspar.elixir.no/matrix/MA0685.2",
            "pwm": [
              [0.149042, 0.000717759, 0.654498, 0.195742], 
              [0.000706149, 0.000717759, 0.997871, 0.000706149], 
              [0.000706149, 0.000717759, 0.997871, 0.000706149], 
              [0.000706149, 0.000717759, 0.997871, 0.000706149], 
              [0.275404, 0.723172, 0.000717759, 0.000706149], 
              [0.000706149, 0.000717759, 0.997871, 0.000706149], 
              [0.000706149, 0.000717759, 0.920955, 0.0776214], 
              [0.289138, 0.000717759, 0.659993, 0.0501512], 
              [0.000706149, 0.000717759, 0.997871, 0.000706149]
            ]
          }, {
            "db": 0,
            "id": "MA0740.2",
            "alt": "KLF14",
            "len": 9,
            "nsites": 999,
            "url": "http://jaspar.elixir.no/matrix/MA0740.2",
            "pwm": [
              [0.0311741, 0.000666764, 0.619494, 0.348665], 
              [0.000655154, 0.000666764, 0.998023, 0.000655154], 
              [0.000655154, 0.000666764, 0.998023, 0.000655154], 
              [0.000655154, 0.000666764, 0.998023, 0.000655154], 
              [0.0949147, 0.814341, 0.000666764, 0.0900772], 
              [0.000655154, 0.000666764, 0.998023, 0.000655154], 
              [0.000655154, 0.000666764, 0.717857, 0.280821], 
              [0.107713, 0.000666764, 0.890965, 0.000655154], 
              [0.198613, 0.0621126, 0.738619, 0.000655154]
            ]
          }, {
            "db": 0,
            "id": "MA0741.1",
            "alt": "KLF16",
            "len": 11,
            "nsites": 3053,
            "url": "http://jaspar.elixir.no/matrix/MA0741.1",
            "pwm": [
              [0.218145, 0.175241, 0.527998, 0.0786147], 
              [0.332959, 0.595704, 0.0284642, 0.0428729], 
              [0.0359471, 0.934472, 0.00348797, 0.0260924], 
              [0.699922, 0.280585, 0.0194865, 6.2887e-06], 
              [0.038511, 0.940469, 0.00992776, 0.0110909], 
              [0.185102, 0.06444, 0.600362, 0.150094], 
              [0.00494413, 0.995039, 1.00881e-05, 6.2887e-06], 
              [0.00123925, 0.993813, 0.00494193, 6.2887e-06], 
              [0.00926499, 0.93285, 0.00174603, 0.0561385], 
              [0.261518, 0.703159, 0.0113797, 0.0239435], 
              [0.0157148, 0.791344, 0.0113007, 0.18164]
            ]
          }, {
            "db": 0,
            "id": "MA0742.2",
            "alt": "KLF12",
            "len": 9,
            "nsites": 999,
            "url": "http://jaspar.elixir.no/matrix/MA0742.2",
            "pwm": [
              [0.101957, 0.000679763, 0.7097, 0.187662], 
              [0.0863746, 0.000679763, 0.912278, 0.000668152], 
              [0.000668152, 0.000679763, 0.997983, 0.000668152], 
              [0.000668152, 0.000679763, 0.997983, 0.000668152], 
              [0.0474175, 0.951235, 0.000679763, 0.000668152], 
              [0.000668152, 0.000679763, 0.997983, 0.000668152], 
              [0.00586263, 0.078594, 0.725283, 0.19026], 
              [0.0681944, 0.000679763, 0.930457, 0.000668152], 
              [0.000668152, 0.000679763, 0.969415, 0.0292373]
            ]
          }, {
            "db": 0,
            "id": "MA0746.3",
            "alt": "SP3",
            "len": 11,
            "nsites": 7543,
            "url": "http://jaspar.elixir.no/matrix/MA0746.3",
            "pwm": [
              [0.284501, 0.0703991, 0.589284, 0.0558148], 
              [0.0848464, 0.842186, 0.0288817, 0.044086], 
              [0.0228362, 0.940623, 0.00771098, 0.0288302], 
              [0.795419, 0.202605, 0.000307079, 0.00166852], 
              [0.000910533, 0.997267, 4.0832e-06, 0.00181852], 
              [0.0615097, 4.0832e-06, 0.871818, 0.0666687], 
              [2.54538e-06, 0.999991, 4.0832e-06, 2.54538e-06], 
              [2.54538e-06, 0.998627, 4.0832e-06, 0.00136653], 
              [0.000275542, 0.901264, 0.00027708, 0.0981822], 
              [0.477645, 0.440048, 0.00543501, 0.0768715], 
              [0.0746926, 0.68726, 0.0399016, 0.198146]
            ]
          }, {
            "db": 0,
            "id": "MA0747.2",
            "alt": "SP8",
            "len": 11,
            "nsites": 171,
            "url": "http://jaspar.elixir.no/matrix/MA0747.2",
            "pwm": [
              [0.315717, 0.660613, 0.000180011, 0.0234905], 
              [0.121992, 0.814338, 0.000180011, 0.0634902], 
              [0.786634, 0.195332, 0.00609355, 0.0119393], 
              [0.0389785, 0.927416, 0.00573276, 0.027874], 
              [0.0933417, 0.138159, 0.62295, 0.145549], 
              [0.027874, 0.927416, 0.0334935, 0.0112167], 
              [0.0117334, 0.970543, 0.0176118, 0.000112215], 
              [0.000112215, 0.897504, 0.0216724, 0.0807101], 
              [0.511177, 0.437424, 0.0342511, 0.0171473], 
              [0.0542476, 0.695606, 0.0876289, 0.162517], 
              [0.18675, 0.31325, 0.00620049, 0.4938]
            ]
          }, {
            "db": 0,
            "id": "MA0753.3",
            "alt": "ZNF740",
            "len": 10,
            "nsites": 1201,
            "url": "http://jaspar.elixir.no/matrix/MA0753.3",
            "pwm": [
              [0.0499698, 0.878388, 0.0308311, 0.0408116], 
              [0.0932282, 0.894019, 0.0118887, 0.000862915], 
              [0.0164826, 0.965178, 0.00368534, 0.0146538], 
              [0.0200323, 0.95991, 0.00639411, 0.0136638], 
              [0.0210762, 0.966062, 0.00277241, 0.0100881], 
              [0.00929121, 0.978608, 0.0065191, 0.00558152], 
              [0.00189683, 0.992417, 0.00284741, 0.00283775], 
              [0.0974659, 0.894019, 0.00511022, 0.0034057], 
              [0.705171, 0.159771, 0.0454769, 0.0895805], 
              [0.132527, 0.675385, 0.0345938, 0.157493]
            ]
          }, {
            "db": 0,
            "id": "MA0761.3",
            "alt": "ETV1",
            "len": 9,
            "nsites": 37339,
            "url": "http://jaspar.elixir.no/matrix/MA0761.3",
            "pwm": [
              [0.610647, 0.116207, 0.161092, 0.112054], 
              [0.0494924, 0.860734, 0.0639817, 0.0257914], 
              [0.891961, 0.0820596, 0.0153468, 0.0106325], 
              [0.0061875, 0.00736581, 0.977073, 0.00937449], 
              [0.0101235, 0.00725881, 0.967378, 0.0152395], 
              [0.967619, 0.0126148, 0.0100438, 0.00972249], 
              [0.893648, 0.0130168, 0.0110348, 0.0823003], 
              [0.11342, 0.0350047, 0.837086, 0.0144895], 
              [0.0895313, 0.104155, 0.0842556, 0.722059]
            ]
          }, {
            "db": 0,
            "id": "MA1102.3",
            "alt": "CTCFL",
            "len": 8,
            "nsites": 18037,
            "url": "http://jaspar.elixir.no/matrix/MA1102.3",
            "pwm": [
              [0.0721307, 0.713365, 0.112714, 0.101792], 
              [0.957472, 0.0228986, 0.0182416, 0.00138706], 
              [0.00476904, 0.0266686, 0.958304, 0.010258], 
              [0.0379229, 0.0332665, 0.915393, 0.013418], 
              [0.01935, 0.0632604, 0.855184, 0.0622057], 
              [0.010701, 0.0425255, 0.932469, 0.014305], 
