<!DOCTYPE HTML>
<html>
  <head>
    <meta charset="UTF-8">
    <title>Tomtom Results</title>
    <script>
      // @JSON_VAR data
      var data = {
        "program": "Tomtom",
        "version": "5.4.1",
        "release": "Sat Aug 21 19:23:23 2021 -0700",
        "cmd": [
          "tomtom", "-verbosity", "1", "-oc",
          "/ocean/projects/bio230007p/sujathab/Motif_analysis/output/meme_chip_mouse_specific_enhancer/streme_tomtom_out",
          "-min-overlap", "5", "-dist", "pearson", "-evalue", "-thresh", "1",
          "-no-ssc",
          "/ocean/projects/bio230007p/sujathab/Motif_analysis/output/meme_chip_mouse_specific_enhancer/streme_out/streme.xml",
          "/ocean/projects/bio230007p/sujathab/motif_dbs/JASPAR2026_vertebrates_combined.meme"
        ],
        "options": {
          "strands": "both",
          "distance_measure": "pearson",
          "threshold_type": "evalue",
          "threshold_value": 1,
          "background_source": "--query--"
        },
        "alphabet": {
          "name": "DNA",
          "like": "dna",
          "ncore": 4,
          "symbols": [
            {
              "symbol": "A",
              "name": "Adenine",
              "colour": "CC0000",
              "complement": "T"
            }, {
              "symbol": "C",
              "name": "Cytosine",
              "colour": "0000CC",
              "complement": "G"
            }, {
              "symbol": "G",
              "name": "Guanine",
              "colour": "FFB300",
              "complement": "C"
            }, {
              "symbol": "T",
              "aliases": "U",
              "name": "Thymine",
              "colour": "008000",
              "complement": "A"
            }, {
              "symbol": "N",
              "aliases": "X.",
              "name": "Any base",
              "equals": "ACGT"
            }, {
              "symbol": "V",
              "name": "Not T",
              "equals": "ACG"
            }, {
              "symbol": "H",
              "name": "Not G",
              "equals": "ACT"
            }, {
              "symbol": "D",
              "name": "Not C",
              "equals": "AGT"
            }, {
              "symbol": "B",
              "name": "Not A",
              "equals": "CGT"
            }, {
              "symbol": "M",
              "name": "Amino",
              "equals": "AC"
            }, {
              "symbol": "R",
              "name": "Purine",
              "equals": "AG"
            }, {
              "symbol": "W",
              "name": "Weak",
              "equals": "AT"
            }, {
              "symbol": "S",
              "name": "Strong",
              "equals": "CG"
            }, {
              "symbol": "Y",
              "name": "Pyrimidine",
              "equals": "CT"
            }, {
              "symbol": "K",
              "name": "Keto",
              "equals": "GT"
            }
          ]
        },
        "background": [0.25, 0.25, 0.25, 0.25],
        "query_dbs": [
          {
            "source": "/ocean/projects/bio230007p/sujathab/Motif_analysis/output/meme_chip_mouse_specific_enhancer/streme_out/streme.xml",
            "name": "streme.xml",
            "loaded": 36,
            "excluded": 0,
            "last_modified": "Thu Apr  9 09:39:43 2026"
          }
        ],
        "target_dbs": [
          {
            "source": "/ocean/projects/bio230007p/sujathab/motif_dbs/JASPAR2026_vertebrates_combined.meme",
            "name": "JASPAR2026_vertebrates_combined",
            "loaded": 1019,
            "excluded": 0,
            "last_modified": "Tue Apr  7 23:54:07 2026"
          }
        ],
        "queries": [
          {
            "db": 0,
            "id": "1-CCASHAGRKGGCRSYR",
            "alt": "STREME-1",
            "len": 16,
            "nsites": 4212,
            "evalue": "8.9e-098",
            "pwm": [
              [0.0813037, 0.846805, 0.0280354, 0.0438562], 
              [1.53802e-05, 0.999954, 1.53802e-05, 1.53802e-05], 
              [0.861212, 0.00918079, 0.0434856, 0.0861211], 
              [0.0193937, 0.5309, 0.440262, 0.00944266], 
              [0.266474, 0.359429, 0.0310247, 0.343073], 
              [0.943129, 0.0138944, 0.016775, 0.0262024], 
              [1.53802e-05, 1.53802e-05, 0.999954, 1.53802e-05], 
              [0.509928, 1.53802e-05, 0.490041, 1.53802e-05], 
              [0.0099664, 0.00760958, 0.618451, 0.363973], 
              [0.00525279, 1.53802e-05, 0.993931, 0.000800985], 
              [0.00682397, 0.0049909, 0.939877, 0.048308], 
              [0.0911017, 0.84041, 1.53802e-05, 0.0684725], 
              [0.524592, 0.0065621, 0.450237, 0.0186083], 
              [0.0725533, 0.516766, 0.312708, 0.0979735], 
              [0.120164, 0.409892, 0.060878, 0.409065], 
              [0.479808, 0.213025, 0.247382, 0.0597859]
            ]
          }, {
            "db": 0,
            "id": "10-AAATCAATAN",
            "alt": "STREME-10",
            "len": 10,
            "nsites": 948,
            "evalue": "2.3e-008",
            "pwm": [
              [0.531514, 0.172466, 0.172639, 0.12338], 
              [0.648607, 0.0166091, 0.321652, 0.0131309], 
              [0.938498, 9.85758e-05, 0.0613043, 9.85758e-05], 
              [9.85758e-05, 9.85758e-05, 9.85758e-05, 0.999704], 
              [0.00345815, 0.996344, 9.85758e-05, 9.85758e-05], 
              [0.741236, 9.85758e-05, 0.258567, 9.85758e-05], 
              [0.999704, 9.85758e-05, 9.85758e-05, 9.85758e-05], 
              [0.00318287, 9.85758e-05, 9.85758e-05, 0.99662], 
              [0.625786, 0.132992, 0.165696, 0.0755263], 
              [0.239856, 0.31351, 0.216645, 0.22999]
            ]
          }, {
            "db": 0,
            "id": "11-CTGAGCCATCTCYCCAGCCC",
            "alt": "STREME-11",
            "len": 20,
            "nsites": 382,
            "evalue": "2.2e-007",
            "pwm": [
              [0.0246037, 0.871877, 0.0381817, 0.0653376], 
              [0.0463285, 0.0490441, 0.0137413, 0.890886], 
              [0.122365, 0.0218881, 0.831143, 0.0246037], 
              [0.945198, 0.0137413, 0.0273193, 0.0137413], 
              [0.0870625, 0.0218881, 0.88817, 0.00287897], 
              [0.00559456, 0.915327, 0.0110258, 0.0680533], 
              [0.00831016, 0.855583, 0.0164569, 0.119649], 
              [0.866446, 0.0436129, 0.0626221, 0.0273193], 
              [0.0490441, 0.133228, 0.0408973, 0.776831], 
              [0.0979248, 0.809419, 0.0354662, 0.0571909], 
              [0.0327506, 0.0626221, 0.0571909, 0.847437], 
              [0.0327506, 0.817564, 0.0137413, 0.135943], 
              [0.141375, 0.26086, 0.0816314, 0.516132], 
              [0.0544753, 0.820281, 0.0354662, 0.089778], 
              [0.0680533, 0.673638, 0.0164569, 0.241851], 
              [0.763253, 0.0408973, 0.141374, 0.0544753], 
              [0.0762001, 0.0246037, 0.874592, 0.0246037], 
              [0.0381817, 0.806702, 0.0327506, 0.122365], 
              [0.0517597, 0.763253, 0.0191725, 0.165815], 
              [0.0707689, 0.746959, 0.0273193, 0.154953]
            ]
          }, {
            "db": 0,
            "id": "12-WWCCCAG",
            "alt": "STREME-12",
            "len": 7,
            "nsites": 9468,
            "evalue": "3.1e-007",
            "pwm": [
              [0.556972, 0.000167724, 0.118721, 0.324138], 
              [0.569773, 0.000167724, 0.000167724, 0.429892], 
              [0.000167724, 0.999497, 0.000167724, 0.000167724], 
              [0.000167724, 0.840753, 0.000167724, 0.158912], 
              [0.000167724, 0.972406, 0.000167724, 0.0272583], 
              [0.557187, 0.147202, 0.156717, 0.138894], 
              [0.000167724, 0.000167724, 0.999497, 0.000167724]
            ]
          }, {
            "db": 0,
            "id": "13-GGCTCACAACCATCTGTAA",
            "alt": "STREME-13",
            "len": 19,
            "nsites": 207,
            "evalue": "3.7e-006",
            "pwm": [
              [0.189105, 0.0307862, 0.7615, 0.018608], 
              [0.0429646, 0.0125187, 0.925908, 0.0186079], 
              [0.0125187, 0.931998, 0.024697, 0.0307862], 
              [0.00642952, 0.000340336, 0.00642952, 0.986801], 
              [0.0125187, 0.944177, 0.0125187, 0.0307864], 
              [0.956355, 0.0186079, 0.00642952, 0.0186079], 
              [0.0125187, 0.834571, 0.0307862, 0.122124], 
              [0.858928, 0.0186079, 0.085589, 0.0368755], 
              [0.865017, 0.0186079, 0.103857, 0.0125187], 
              [0.024697, 0.858928, 0.0307862, 0.085589], 
              [0.0307862, 0.877195, 0.00642952, 0.0855892], 
              [0.834571, 0.0429646, 0.0977676, 0.024697], 
              [0.0125187, 0.201285, 0.00642952, 0.779767], 
              [0.0307862, 0.877195, 0.0368755, 0.0551429], 
              [0.0125187, 0.0916788, 0.0307862, 0.865016], 
              [0.237819, 0.0490538, 0.670163, 0.0429646], 
              [0.0673214, 0.0368755, 0.0368755, 0.858928], 
              [0.858928, 0.0368755, 0.0490539, 0.0551429], 
              [0.871106, 0.0551429, 0.0368755, 0.0368755]
            ]
          }, {
            "db": 0,
            "id": "14-ACCATGTGGKTGCTGG",
            "alt": "STREME-14",
            "len": 16,
            "nsites": 199,
            "evalue": "3.7e-006",
            "pwm": [
              [0.742539, 0.000322395, 0.202242, 0.0548953], 
              [0.000322395, 0.857143, 0.00577969, 0.136755], 
              [0.011237, 0.928088, 0.000322395, 0.0603526], 
              [0.868057, 0.0221516, 0.0985538, 0.011237], 
              [0.027609, 0.142212, 0.0166942, 0.813485], 
              [0.0439807, 0.000322395, 0.949917, 0.00577969], 
              [0.000322395, 0.000322395, 0.00577969, 0.993575], 
              [0.0767247, 0.000322395, 0.911716, 0.011237], 
              [0.0548954, 0.0385235, 0.906258, 0.000322395], 
              [0.0767247, 0.0658101, 0.289559, 0.567906], 
              [0.0276089, 0.011237, 0.027609, 0.933546], 
              [0.06581, 0.153127, 0.687966, 0.093097], 
              [0.011237, 0.846228, 0.0221516, 0.120383], 
              [0.0494381, 0.0166942, 0.011237, 0.922631], 
              [0.131298, 0.0385238, 0.802569, 0.027609], 
              [0.060353, 0.0221516, 0.900801, 0.0166942]
            ]
          }, {
            "db": 0,
            "id": "15-ACACACACACACACACAC",
            "alt": "STREME-15",
            "len": 18,
            "nsites": 790,
            "evalue": "7.2e-006",
            "pwm": [
              [0.698615, 0.000106179, 0.297039, 0.00423947], 
              [0.000106179, 0.883582, 0.000106179, 0.116205], 
              [0.895403, 0.0250003, 0.0708053, 0.0087913], 
              [0.000106179, 0.669202, 0.138992, 0.1917], 
              [0.792621, 0.0104393, 0.157567, 0.0393721], 
              [0.012506, 0.898019, 0.000106179, 0.0893691], 
              [0.84796, 0.0476385, 0.0732959, 0.0311055], 
              [0.042297, 0.54176, 0.163062, 0.252881], 
              [0.745043, 0.00423943, 0.175327, 0.07539], 
              [0.000106179, 0.858293, 0.02783, 0.11377], 
              [0.864493, 0.0331721, 0.0712291, 0.0311056], 
              [0.0670959, 0.653918, 0.102691, 0.176295], 
              [0.731456, 0.0207724, 0.224328, 0.0234429], 
              [0.0219285, 0.796998, 0.0807045, 0.100369], 
              [0.866406, 0.044363, 0.0257634, 0.0634674], 
              [0.0987701, 0.586437, 0.182241, 0.132552], 
              [0.753568, 0.00462839, 0.189112, 0.0526914], 
              [0.144688, 0.751966, 0.00313549, 0.100209]
            ]
          }, {
            "db": 0,
            "id": "16-ACTTGGCA",
            "alt": "STREME-16",
            "len": 8,
            "nsites": 4559,
            "evalue": "8.6e-006",
            "pwm": [
              [0.65321, 0.182317, 0.0404029, 0.124069], 
              [0.000145177, 0.927591, 0.0526963, 0.0195671], 
              [0.000145177, 0.0176271, 0.13612, 0.846107], 
              [0.000145177, 0.000679977, 0.0584913, 0.940684], 
              [0.00324198, 0.00624183, 0.990371, 0.000145177], 
              [0.000145177, 0.00736511, 0.992345, 0.000145177], 
              [0.0663151, 0.821963, 0.105087, 0.00663389], 
              [0.715119, 0.0510892, 0.00922517, 0.224567]
            ]
          }, {
            "db": 0,
            "id": "17-AGGACTTTGDAC",
            "alt": "STREME-17",
            "len": 12,
            "nsites": 1108,
            "evalue": "2.8e-005",
            "pwm": [
              [0.677837, 0.00587017, 0.203086, 0.113206], 
              [0.10237, 0.0237693, 0.727637, 0.146222], 
              [0.00354794, 0.0451505, 0.796887, 0.154415], 
              [0.932062, 6.44407e-05, 0.0254175, 0.042456], 
              [0.027021, 0.957952, 0.013319, 0.0017075], 
              [0.0166052, 0.115857, 0.0179635, 0.849574], 
              [0.125378, 0.0043395, 0.0668452, 0.803437], 
              [0.011023, 0.0139982, 0.0161232, 0.958856], 
              [0.150209, 0.00703132, 0.82424, 0.0185191], 
              [0.248571, 0.0722264, 0.279236, 0.399966], 
              [0.519044, 0.150099, 0.10442, 0.226438], 
              [0.187356, 0.654322, 0.035635, 0.122687]
            ]
          }, {
            "db": 0,
            "id": "18-ATGCAGTGCCCRYRGAGG",
            "alt": "STREME-18",
            "len": 18,
            "nsites": 156,
            "evalue": "2.6e-004",
            "pwm": [
              [0.656463, 0.000417347, 0.307047, 0.0360719], 
              [0.028941, 0.0432029, 0.00754827, 0.920308], 
              [0.0503338, 0.000417347, 0.941701, 0.00754827], 
              [0.00754827, 0.870391, 0.000417347, 0.121643], 
              [0.955962, 0.028941, 0.0146791, 0.000417347], 
              [0.114512, 0.028941, 0.856129, 0.000417347], 
              [0.00754827, 0.000417347, 0.000417347, 0.991617], 
              [0.285654, 0.028941, 0.585154, 0.10025], 
              [0.0146791, 0.984486, 0.000417347, 0.000417347], 
              [0.0360719, 0.799082, 0.000417347, 0.164429], 
              [0.000417347, 0.70638, 0.000417347, 0.292786], 
              [0.563762, 0.0859885, 0.285654, 0.0645956], 
              [0.178691, 0.47819, 0.028941, 0.314179], 
              [0.492452, 0.0146791, 0.492452, 0.000417347], 
              [0.10025, 0.00754827, 0.856129, 0.0360719], 
              [0.734904, 0.114512, 0.0432029, 0.107381], 
              [0.150167, 0.00754827, 0.78482, 0.0574647], 
              [0.143036, 0.00754827, 0.848999, 0.000417347]
            ]
          }, {
            "db": 0,
            "id": "19-GAGGGAGRGAGGRAGRGRR",
            "alt": "STREME-19",
            "len": 19,
            "nsites": 1003,
            "evalue": "2.6e-004",
            "pwm": [
              [0.245129, 0.011294, 0.716965, 0.0266108], 
              [0.84971, 0.0705189, 0.0797089, 6.17518e-05], 
              [0.00618846, 0.0031251, 0.944675, 0.046012], 
              [0.29506, 0.0352035, 0.669675, 6.17518e-05], 
              [0.261892, 0.121575, 0.585839, 0.0306953], 
              [0.821119, 0.0449909, 0.0562232, 0.0776667], 
              [0.184287, 0.00823069, 0.8064, 0.00108287], 
              [0.328845, 0.063371, 0.563814, 0.0439698], 
              [0.258107, 0.107279, 0.579411, 0.0552021], 
              [0.674079, 0.0684766, 0.223687, 0.0337587], 
              [0.231856, 0.00516734, 0.70267, 0.0603077], 
              [0.281841, 0.112385, 0.605713, 6.17518e-05], 
              [0.345477, 0.101349, 0.544944, 0.00823069], 
              [0.633234, 0.0674555, 0.237982, 0.0613288], 
              [0.23594, 0.0480542, 0.656719, 0.0592866], 
              [0.395916, 0.0449909, 0.497763, 0.0613288], 
              [0.27776, 0.0388643, 0.653701, 0.0296742], 
              [0.558854, 0.124733, 0.30614, 0.0102729], 
              [0.321245, 0.0455621, 0.60921, 0.0239829]
            ]
          }, {
            "db": 0,
            "id": "2-CAAAGGTCA",
            "alt": "STREME-2",
            "len": 9,
            "nsites": 6209,
            "evalue": "3.2e-035",
            "pwm": [
              [0.01586, 0.897379, 0.00871609, 0.0780451], 
              [0.825099, 0.0971046, 0.0347259, 0.0430709], 
              [0.7163, 0.00870846, 0.2653, 0.00969175], 
              [0.929163, 0.00150691, 0.0677388, 0.00159166], 
              [2.78474e-05, 0.00360058, 0.993213, 0.00315851], 
              [0.0164911, 0.00957534, 0.670066, 0.303868], 
              [0.0557176, 0.12021, 0.11554, 0.708533], 
              [0.00124031, 0.937708, 0.0125357, 0.0485162], 
              [0.925238, 0.011052, 0.0308843, 0.0328256]
            ]
          }, {
            "db": 0,
            "id": "20-GAGGCAGAGGCAG",
            "alt": "STREME-20",
            "len": 13,
            "nsites": 497,
            "evalue": "6.2e-004",
            "pwm": [
              [0.101936, 0.000153078, 0.896575, 0.00133584], 
              [0.936011, 0.0456081, 0.0091294, 0.00925195], 
              [0.0412342, 0.000153078, 0.94991, 0.00870263], 
              [0.123694, 0.0435374, 0.805784, 0.0269845], 
              [0.000153078, 0.88846, 0.0661211, 0.0452667], 
              [0.803795, 0.0172521, 0.0750885, 0.103865], 
              [0.055749, 0.00778521, 0.920523, 0.0159428], 
              [0.816454, 0.0695895, 0.0802575, 0.0336991], 
              [0.071007, 0.00870258, 0.917288, 0.00300291], 
              [0.147482, 0.0624409, 0.761909, 0.0281682], 
              [0.0557492, 0.835721, 0.0414044, 0.0671249], 
              [0.876833, 0.0595154, 0.0591079, 0.00454352], 
              [0.0508819, 0.00493537, 0.921231, 0.0229519]
            ]
          }, {
            "db": 0,
            "id": "21-CACWGTG",
            "alt": "STREME-21",
            "len": 7,
            "nsites": 1861,
            "evalue": "7.0e-004",
            "pwm": [
              [0.0227395, 0.931781, 0.0227395, 0.0227395], 
              [0.931781, 0.0227395, 0.0227395, 0.0227395], 
              [0.0227395, 0.931781, 0.0227395, 0.0227395], 
              [0.477261, 0.0227395, 0.0227395, 0.477261], 
              [0.0227395, 0.0227395, 0.931781, 0.0227395], 
              [0.0227395, 0.0227395, 0.0227395, 0.931781], 
              [0.0227395, 0.0227395, 0.931781, 0.0227395]
            ]
          }, {
            "db": 0,
            "id": "22-AAAAMAAAAMAAAA",
            "alt": "STREME-22",
            "len": 14,
            "nsites": 403,
            "evalue": "8.0e-004",
            "pwm": [
              [0.979164, 0.000211794, 0.000211794, 0.0204121], 
              [0.975529, 0.000211794, 0.000211794, 0.0240471], 
              [0.858556, 0.000211794, 0.102524, 0.0387081], 
              [0.764353, 0.000211794, 0.141019, 0.0944161], 
              [0.421636, 0.344481, 0.161832, 0.0720515], 
              [0.963267, 0.000211794, 0.0363092, 0.000211794], 
              [0.995212, 0.000211794, 0.000211794, 0.00436443], 
              [0.950748, 0.000211794, 0.0488285, 0.000211794], 
              [0.999365, 0.000211794, 0.000211794, 0.000211794], 
              [0.526252, 0.373626, 0.000211794, 0.0999097], 
              [0.747549, 0.1491, 0.0716085, 0.0317434], 
              [0.900181, 0.0337246, 0.0658833, 0.000211794], 
              [0.999365, 0.000211794, 0.000211794, 0.000211794], 
              [0.923212, 0.0763648, 0.000211794, 0.000211794]
            ]
          }, {
            "db": 0,
            "id": "23-AGGGCAGAGRT",
            "alt": "STREME-23",
            "len": 11,
            "nsites": 720,
            "evalue": "1.6e-003",
            "pwm": [
              [0.687055, 0.104039, 0.0560922, 0.152812], 
              [0.0845364, 0.000145815, 0.90046, 0.0148583], 
              [0.000145815, 0.0336464, 0.966062, 0.000145815], 
              [0.0136301, 0.000145815, 0.852377, 0.133847], 
              [0.165106, 0.746911, 0.000145815, 0.0878368], 
              [0.984161, 0.0155472, 0.000145815, 0.000145815], 
              [0.17292, 0.000145815, 0.710146, 0.116789], 
              [0.684468, 0.209384, 0.000145815, 0.106003], 
              [0.000145815, 0.0124671, 0.987242, 0.000145815], 
              [0.521502, 0.000145815, 0.354742, 0.12361], 
              [0.000145815, 0.119862, 0.199063, 0.680928]
            ]
          }, {
            "db": 0,
            "id": "24-TTCCWGGAA",
            "alt": "STREME-24",
            "len": 9,
            "nsites": 237,
            "evalue": "3.4e-003",
            "pwm": [
              [0.000884572, 0.000884572, 0.000884572, 0.997347], 
              [0.000884572, 0.000884572, 0.000884572, 0.997347], 
              [0.000884572, 0.997347, 0.000884572, 0.000884572], 
              [0.000884572, 0.846194, 0.026233, 0.126688], 
              [0.499116, 0.000884572, 0.000884572, 0.499116], 
              [0.126688, 0.026233, 0.846194, 0.000884572], 
              [0.000884572, 0.000884572, 0.997347, 0.000884572], 
              [0.997347, 0.000884572, 0.000884572, 0.000884572], 
              [0.997347, 0.000884572, 0.000884572, 0.000884572]
            ]
          }, {
            "db": 0,
            "id": "25-CTCCAGTTCCAGGGGATC",
            "alt": "STREME-25",
            "len": 18,
            "nsites": 177,
            "evalue": "3.7e-003",
            "pwm": [
              [0.0473453, 0.828594, 0.0767155, 0.0473453], 
              [0.0590935, 0.0297233, 0.0121011, 0.899082], 
              [0.0297233, 0.822719, 0.0414713, 0.106085], 
              [0.0355972, 0.810972, 0.000353024, 0.153078], 
              [0.910831, 0.0414714, 0.0179752, 0.0297233], 
              [0.0825896, 0.0355972, 0.875587, 0.00622706], 
              [0.000353024, 0.241189, 0.0473453, 0.711112], 
              [0.000353024, 0.135456, 0.000353024, 0.863838], 
              [0.00622706, 0.793349, 0.0297233, 0.1707], 
              [0.000353024, 0.88146, 0.0238492, 0.0943376], 
              [0.910831, 0.00622706, 0.0297233, 0.0532195], 
              [0.182448, 0.000353024, 0.775727, 0.0414713], 
              [0.117834, 0.00622706, 0.869712, 0.00622706], 
              [0.147204, 0.0179752, 0.746357, 0.0884636], 
              [0.252937, 0.0414713, 0.675868, 0.0297233], 
              [0.840341, 0.0649675, 0.0590935, 0.0355972], 
              [0.0414713, 0.0590935, 0.0121011, 0.887334], 
              [0.0590935, 0.834468, 0.0708415, 0.0355972]
            ]
          }, {
            "db": 0,
            "id": "26-TGGGGACA",
            "alt": "STREME-26",
            "len": 8,
            "nsites": 270,
            "evalue": "5.6e-003",
            "pwm": [
              [0.0228114, 0.0228114, 0.0228114, 0.931566], 
              [0.0228114, 0.0228114, 0.931566, 0.0228114], 
              [0.0228114, 0.0228114, 0.931566, 0.0228114], 
              [0.0228114, 0.0228114, 0.931566, 0.0228114], 
              [0.0228114, 0.0228114, 0.931566, 0.0228114], 
              [0.931566, 0.0228114, 0.0228114, 0.0228114], 
              [0.0228114, 0.931566, 0.0228114, 0.0228114], 
              [0.931566, 0.0228114, 0.0228114, 0.0228114]
            ]
          }, {
            "db": 0,
            "id": "27-CTCTGTCCC",
            "alt": "STREME-27",
            "len": 9,
            "nsites": 1390,
            "evalue": "6.6e-003",
            "pwm": [
              [0.000353863, 0.963383, 0.0359092, 0.000353863], 
              [0.132396, 0.0342103, 0.118051, 0.715342], 
              [0.0112344, 0.747631, 0.0791768, 0.161958], 
              [0.000353863, 0.0192782, 0.0263935, 0.953974], 
              [0.000353863, 0.000353863, 0.998938, 0.000353863], 
              [0.311684, 0.000353863, 0.000353863, 0.687609], 
              [0.000353863, 0.998938, 0.000353863, 0.000353863], 
              [0.000353863, 0.930597, 0.0686952, 0.000353863], 
              [0.000353863, 0.888424, 0.0260357, 0.0851863]
            ]
          }, {
            "db": 0,
            "id": "28-TGWTGMAAY",
            "alt": "STREME-28",
            "len": 9,
            "nsites": 470,
            "evalue": "7.5e-003",
            "pwm": [
              [0.00025452, 0.0254373, 0.00025452, 0.974054], 
              [0.00025452, 0.00025452, 0.999237, 0.00025452], 
              [0.630307, 0.00025452, 0.00025452, 0.369184], 
              [0.0315691, 0.256722, 0.00025452, 0.711455], 
              [0.00025452, 0.00025452, 0.999237, 0.00025452], 
              [0.292873, 0.527672, 0.00025452, 0.1792], 
              [0.999237, 0.00025452, 0.00025452, 0.00025452], 
              [0.999237, 0.00025452, 0.00025452, 0.00025452], 
              [0.00025452, 0.371299, 0.0385232, 0.589923]
            ]
          }, {
            "db": 0,
            "id": "29-AGCCWGGKCTACA",
            "alt": "STREME-29",
            "len": 13,
            "nsites": 110,
            "evalue": "1.1e-002",
            "pwm": [
              [0.939012, 0.000583158, 0.059822, 0.000583158], 
              [0.000583158, 0.000583158, 0.998251, 0.000583158], 
              [0.000583158, 0.939013, 0.020329, 0.0400755], 
              [0.000583158, 0.960436, 0.000583158, 0.0383973], 
              [0.574632, 0.000583158, 0.000583158, 0.424202], 
              [0.000583158, 0.000583158, 0.968632, 0.030202], 
              [0.0778901, 0.000583158, 0.871578, 0.0499485], 
              [0.16265, 0.0145536, 0.537561, 0.285235], 
              [0.000583158, 0.998251, 0.000583158, 0.000583158], 
              [0.0409945, 0.0639192, 0.000583158, 0.894503], 
              [0.874757, 0.0441727, 0.0566432, 0.0244266], 
              [0.0244268, 0.905295, 0.0302021, 0.0400755], 
              [0.992914, 0.000583158, 0.000583158, 0.00592005]
            ]
          }, {
            "db": 0,
            "id": "3-WRARYAAAYANW",
            "alt": "STREME-3",
            "len": 12,
            "nsites": 4650,
            "evalue": "3.2e-024",
            "pwm": [
              [0.488483, 0.12942, 1.65749e-05, 0.382081], 
              [0.494669, 0.108421, 0.253505, 0.143405], 
              [0.586392, 1.65749e-05, 0.197321, 0.216271], 
              [0.432267, 0.07252, 0.494886, 0.000327067], 
              [1.65749e-05, 0.510509, 1.65749e-05, 0.489458], 
              [0.99995, 1.65749e-05, 1.65749e-05, 1.65749e-05], 
              [0.99995, 1.65749e-05, 1.65749e-05, 1.65749e-05], 
              [0.99995, 1.65749e-05, 1.65749e-05, 1.65749e-05], 
              [1.65749e-05, 0.602076, 1.65749e-05, 0.397891], 
              [0.916063, 0.0714242, 0.0124961, 1.65749e-05], 
              [0.371822, 0.210992, 0.191628, 0.225558], 
              [0.384582, 0.157745, 0.169305, 0.288368]
            ]
          }, {
            "db": 0,
            "id": "30-CCACRCCC",
            "alt": "STREME-30",
            "len": 8,
            "nsites": 479,
            "evalue": "1.4e-002",
            "pwm": [
              [0.000773538, 0.997679, 0.000773538, 0.000773538], 
              [0.000773538, 0.994286, 0.00416711, 0.000773538], 
              [0.996669, 0.000773538, 0.00178405, 0.000773538], 
              [0.000773538, 0.997679, 0.000773538, 0.000773538], 
              [0.501008, 0.000773538, 0.497445, 0.000773538], 
              [0.000773538, 0.997679, 0.000773538, 0.000773538], 
              [0.000773538, 0.997679, 0.000773538, 0.000773538], 
              [0.000773538, 0.997679, 0.000773538, 0.000773538]
            ]
          }, {
            "db": 0,
            "id": "31-AGAGCACTGRCTGCTCTTC",
            "alt": "STREME-31",
            "len": 19,
            "nsites": 183,
            "evalue": "1.7e-002",
            "pwm": [
              [0.907672, 0.00034235, 0.0402868, 0.0516995], 
              [0.0916438, 0.0459931, 0.850608, 0.011755], 
              [0.98756, 0.00034235, 0.011755, 0.00034235], 
              [0.0745248, 0.0060487, 0.919084, 0.00034235], 
              [0.011755, 0.92479, 0.00034235, 0.0631121], 
              [0.936203, 0.0174614, 0.028874, 0.0174614], 
              [0.0060487, 0.959029, 0.0174614, 0.0174614], 
              [0.0631121, 0.0402868, 0.0574057, 0.839195], 
              [0.0459931, 0.0231678, 0.725068, 0.205771], 
              [0.359858, 0.0516995, 0.565275, 0.0231679], 
              [0.028874, 0.850608, 0.0231678, 0.0973502], 
              [0.028874, 0.0345804, 0.0174614, 0.919084], 
              [0.0916438, 0.011755, 0.884846, 0.011755], 
              [0.028874, 0.787838, 0.0231678, 0.16012], 
              [0.0174614, 0.0174614, 0.011755, 0.953323], 
              [0.028874, 0.839195, 0.0345804, 0.0973502], 
              [0.0231678, 0.0745248, 0.0174614, 0.884846], 
              [0.00034235, 0.125882, 0.0745252, 0.799251], 
              [0.0688185, 0.702243, 0.143001, 0.0859377]
            ]
          }, {
            "db": 0,
            "id": "32-AAAGCAAAGC",
            "alt": "STREME-32",
            "len": 10,
            "nsites": 1975,
            "evalue": "2.2e-002",
            "pwm": [
              [0.756968, 0.0426278, 0.142227, 0.0581764], 
              [0.895888, 0.0159013, 0.0147693, 0.0734406], 
              [0.871032, 0.0646091, 0.0366753, 0.0276841], 
              [0.0322868, 0.115253, 0.744161, 0.1083], 
              [0.0131732, 0.876432, 0.0950908, 0.0153038], 
              [0.774831, 0.0628689, 0.124488, 0.0378109], 
              [0.93998, 0.0137921, 0.0102562, 0.0359714], 
              [0.730546, 0.0902133, 0.0772598, 0.10198], 
              [0.11978, 0.113357, 0.720607, 0.0462558], 
              [0.0553831, 0.730494, 0.0872179, 0.126905]
            ]
          }, {
            "db": 0,
            "id": "33-AAGCAAGCA",
            "alt": "STREME-33",
            "len": 9,
            "nsites": 1159,
            "evalue": "2.8e-002",
            "pwm": [
              [0.870943, 0.0927782, 0.0108141, 0.0254641], 
              [0.868746, 0.0122554, 0.0792266, 0.0397728], 
              [0.0268802, 0.0102851, 0.956393, 0.00644127], 
              [0.0453514, 0.940405, 0.00938472, 0.00485855], 
              [0.91447, 0.0737496, 0.0112908, 0.000489933], 
              [0.901649, 0.0655581, 0.00465114, 0.0281417], 
              [0.0629435, 0.00461922, 0.839326, 0.0931114], 
              [0.0319254, 0.952623, 0.0126109, 0.0028407], 
              [0.79959, 0.0814023, 0.0784818, 0.0405265]
            ]
          }, {
            "db": 0,
            "id": "34-GAGGCGGGGC",
            "alt": "STREME-34",
            "len": 10,
            "nsites": 288,
            "evalue": "1.8e-001",
            "pwm": [
              [0.0560354, 0.0300008, 0.903584, 0.0103796], 
              [0.950677, 0.0484334, 0.000445087, 0.000445087], 
              [0.000445087, 0.138067, 0.838198, 0.0232901], 
              [0.000445087, 0.0281691, 0.970941, 0.000445087], 
              [0.0670245, 0.84307, 0.000445087, 0.0894605], 
              [0.000445087, 0.0593616, 0.826593, 0.1136], 
              [0.0218584, 0.0103796, 0.888596, 0.0791657], 
              [0.0361575, 0.0760601, 0.887338, 0.000445087], 
              [0.0261721, 0.0420842, 0.921364, 0.0103796], 
              [0.000445087, 0.924072, 0.000445087, 0.0750382]
            ]
          }, {
            "db": 0,
            "id": "35-GATCCTCCTGCCT",
            "alt": "STREME-35",
            "len": 13,
            "nsites": 80,
            "evalue": "2.3e-001",
            "pwm": [
              [0.015064, 0.0435408, 0.926332, 0.015064], 
              [0.92633, 0.0720188, 0.000825647, 0.000825647], 
              [0.000825647, 0.0577797, 0.000825647, 0.940569], 
              [0.000825647, 0.997523, 0.000825647, 0.000825647], 
              [0.000825647, 0.969046, 0.000825647, 0.0293022], 
              [0.200164, 0.000825647, 0.0577791, 0.741231], 
              [0.000825647, 0.94057, 0.000825647, 0.0577791], 
              [0.000825647, 0.812422, 0.000825647, 0.185926], 
              [0.000825647, 0.000825647, 0.000825647, 0.997523], 
              [0.0862557, 0.000825647, 0.897855, 0.015064], 
              [0.000825647, 0.926332, 0.015064, 0.0577791], 
              [0.015064, 0.8409, 0.015064, 0.128972], 
              [0.0720179, 0.0720179, 0.015064, 0.8409]
            ]
          }, {
            "db": 0,
            "id": "36-AGATAAGAA",
            "alt": "STREME-36",
            "len": 9,
            "nsites": 585,
            "evalue": "5.0e-001",
            "pwm": [
              [0.946247, 0.018407, 0.000445681, 0.0349], 
              [0.000445681, 0.000445681, 0.98256, 0.0165493], 
              [0.964812, 0.000445681, 0.0342969, 0.000445681], 
              [0.000445681, 0.000445681, 0.000445681, 0.998663], 
              [0.966271, 0.000445681, 0.000445681, 0.0328384], 
              [0.948001, 0.000445681, 0.0511075, 0.000445681], 
              [0.000445681, 0.0681304, 0.930979, 0.000445681], 
              [0.615904, 0.0930002, 0.290649, 0.000445681], 
              [0.537702, 0.000445681, 0.26529, 0.196562]
            ]
          }, {
            "db": 0,
            "id": "4-TAATCATTAACYAA",
            "alt": "STREME-4",
            "len": 14,
            "nsites": 948,
            "evalue": "1.8e-012",
            "pwm": [
              [0.0958819, 0.213482, 0.0402868, 0.650349], 
              [0.940649, 6.90316e-05, 0.0367381, 0.0225436], 
              [0.909403, 0.0431434, 6.90316e-05, 0.0473841], 
              [0.104061, 0.0414697, 0.00125191, 0.853217], 
              [0.147828, 0.488401, 0.180357, 0.183415], 
              [0.898066, 6.90316e-05, 0.0130806, 0.0887846], 
              [0.075773, 0.0213607, 0.0455092, 0.857357], 
              [6.90316e-05, 0.0497498, 0.00361765, 0.946564], 
              [0.786384, 0.0112058, 0.0745901, 0.12782], 
              [0.937101, 0.0260922, 0.0260922, 0.0107149], 
              [0.0657186, 0.710285, 0.0213607, 0.202635], 
              [0.187254, 0.378002, 0.0130807, 0.421664], 
              [0.59525, 0.16094, 0.0651272, 0.178684], 
              [0.548626, 0.125454, 0.203524, 0.122396]
            ]
          }, {
            "db": 0,
            "id": "5-RTTRCGYAAY",
            "alt": "STREME-5",
            "len": 10,
            "nsites": 2400,
            "evalue": "1.8e-012",
            "pwm": [
              [0.554109, 0.122962, 0.313031, 0.0098967], 
              [5.40986e-05, 5.40986e-05, 0.00151657, 0.998375], 
              [0.0019615, 0.0138966, 5.40986e-05, 0.984087], 
              [0.276443, 0.00664778, 0.496081, 0.220828], 
              [0.108392, 0.587965, 0.0589599, 0.244683], 
              [0.244683, 0.0589599, 0.587965, 0.108392], 
              [0.220828, 0.496081, 0.00664778, 0.276443], 
              [0.984087, 5.40986e-05, 0.0138966, 0.0019615], 
              [0.998375, 0.00151657, 5.40986e-05, 5.40986e-05], 
              [0.0098967, 0.313031, 0.122962, 0.554109]
            ]
          }, {
            "db": 0,
            "id": "6-CCTKTAAYYCCAGYWC",
            "alt": "STREME-6",
            "len": 16,
            "nsites": 594,
            "evalue": "8.3e-012",
            "pwm": [
              [0.0406011, 0.642971, 0.0406011, 0.275827], 
              [0.0136081, 0.873541, 0.000111621, 0.11274], 
              [0.0232486, 0.00782389, 0.000111621, 0.968816], 
              [0.0772343, 0.0540975, 0.549614, 0.319054], 
              [0.0174642, 0.0965151, 0.0328888, 0.853131], 
              [0.866628, 0.0290326, 0.100371, 0.00396775], 
              [0.918686, 0.000111621, 0.0656661, 0.0155362], 
              [0.0213204, 0.42509, 0.000111621, 0.553479], 
              [0.00589582, 0.596697, 0.0174642, 0.379943], 
              [0.0136081, 0.828067, 0.000111621, 0.158213], 
              [0.000111621, 0.851203, 0.00203968, 0.146645], 
              [0.959176, 0.000111621, 0.0309608, 0.009752], 
              [0.0830186, 0.000111621, 0.899406, 0.0174642], 
              [0.038673, 0.612121, 0.0271046, 0.322101], 
              [0.502222, 0.0907308, 0.0463852, 0.360662], 
              [0.0232484, 0.776009, 0.0618098, 0.138933]
            ]
          }, {
            "db": 0,
            "id": "7-CCCCACCCCC",
            "alt": "STREME-7",
            "len": 10,
            "nsites": 1012,
            "evalue": "3.6e-010",
            "pwm": [
              [0.00822167, 0.95724, 0.00036068, 0.0341774], 
              [0.000940085, 0.958861, 0.0011305, 0.039068], 
              [0.0015731, 0.985692, 0.000647201, 0.0120875], 
              [0.0515662, 0.924676, 0.0126238, 0.0111336], 
              [0.721515, 0.0322266, 0.109829, 0.136429], 
              [0.0250048, 0.950946, 0.0164395, 0.00760974], 
              [0.0183817, 0.975202, 0.00329765, 0.00311819], 
              [0.0141756, 0.95881, 0.00587848, 0.0211362], 
              [0.0440409, 0.923693, 0.00454589, 0.0277198], 
              [0.0445431, 0.852323, 0.0517726, 0.0513606]
            ]
          }, {
            "db": 0,
            "id": "8-RAGGTCAY",
            "alt": "STREME-8",
            "len": 8,
            "nsites": 3240,
            "evalue": "1.8e-009",
            "pwm": [
              [0.399976, 0.148555, 0.304749, 0.14672], 
              [0.981536, 0.0181739, 0.0001449, 0.0001449], 
              [0.0001449, 0.00704142, 0.847381, 0.145433], 
              [0.0001449, 0.0001449, 0.999565, 0.0001449], 
              [0.0001449, 0.0001449, 0.0001449, 0.999565], 
              [0.0001449, 0.999565, 0.0001449, 0.0001449], 
              [0.991032, 0.0001449, 0.00867849, 0.0001449], 
              [0.0513551, 0.472563, 0.176101, 0.29998]
            ]
          }, {
            "db": 0,
            "id": "9-AGTTCMAGGMCAGCCWGGGC",
            "alt": "STREME-9",
            "len": 20,
            "nsites": 393,
            "evalue": "1.7e-008",
            "pwm": [
              [0.938918, 0.0153136, 0.0304546, 0.0153136], 
              [0.0728489, 0.000172815, 0.917721, 0.00925733], 
              [0.02137, 0.0637645, 0.0153136, 0.899552], 
              [0.000172815, 0.0425672, 0.00925733, 0.948002], 
              [0.0122855, 0.766312, 0.0304546, 0.190948], 
              [0.263625, 0.496803, 0.203062, 0.0365108], 
              [0.9692, 0.000172815, 0.0183418, 0.0122855], 
              [0.0607363, 0.000172815, 0.926806, 0.0122855], 
              [0.0546799, 0.00622916, 0.929834, 0.00925733], 
              [0.339338, 0.484682, 0.0395391, 0.136441], 
              [0.0243982, 0.899552, 0.0153136, 0.0607363], 
              [0.957087, 0.00925733, 0.000172815, 0.0334827], 
              [0.0789052, 0.0122855, 0.872299, 0.0365108], 
              [0.0365112, 0.832932, 0.0153136, 0.115243], 
              [0.0365108, 0.854129, 0.0122855, 0.0970744], 
              [0.430184, 0.0334827, 0.0365108, 0.499822], 
              [0.16975, 0.00622916, 0.775397, 0.0486235], 
              [0.151581, 0.00320099, 0.817792, 0.0274263], 
              [0.133413, 0.0698211, 0.554339, 0.242428], 
              [0.0243982, 0.775396, 0.0395391, 0.160667]
            ]
          }
        ],
        "targets": [
          {
            "db": 0,
            "id": "MA0017.3",
            "alt": "NR2F1",
            "len": 12,
            "nsites": 12059,
            "url": "http://jaspar.elixir.no/matrix/MA0017.3",
            "pwm": [
              [0.602535, 0.140311, 0.0956143, 0.16154], 
              [0.525209, 0.0320968, 0.403797, 0.0388968], 
              [0.691459, 2.07312e-06, 0.308537, 2.07312e-06], 
              [2.07312e-06, 0.00248405, 0.997512, 2.07312e-06], 
              [2.07312e-06, 2.07312e-06, 0.999994, 2.07312e-06], 
              [2.07312e-06, 2.07312e-06, 2.07312e-06, 0.999994], 
              [2.07312e-06, 0.999994, 2.07312e-06, 2.07312e-06], 
              [0.992504, 2.07312e-06, 0.00749201, 2.07312e-06], 
              [0.424246, 0.253338, 0.134175, 0.188242], 
              [0.267767, 0.245957, 0.364457, 0.121819], 
              [0.271664, 0.204826, 0.322248, 0.20126], 
