<!DOCTYPE HTML>
<html>
  <head>
    <meta charset="UTF-8">
    <title>Tomtom Results</title>
    <script>
      // @JSON_VAR data
      var data = {
        "program": "Tomtom",
        "version": "5.4.1",
        "release": "Sat Aug 21 19:23:23 2021 -0700",
        "cmd": [
          "tomtom", "-verbosity", "1", "-oc",
          "/ocean/projects/bio230007p/sujathab/Motif_analysis/output/meme_chip_shared_enhancer/streme_tomtom_out",
          "-min-overlap", "5", "-dist", "pearson", "-evalue", "-thresh", "1",
          "-no-ssc",
          "/ocean/projects/bio230007p/sujathab/Motif_analysis/output/meme_chip_shared_enhancer/streme_out/streme.xml",
          "/ocean/projects/bio230007p/sujathab/motif_dbs/JASPAR2026_vertebrates_combined.meme"
        ],
        "options": {
          "strands": "both",
          "distance_measure": "pearson",
          "threshold_type": "evalue",
          "threshold_value": 1,
          "background_source": "--query--"
        },
        "alphabet": {
          "name": "DNA",
          "like": "dna",
          "ncore": 4,
          "symbols": [
            {
              "symbol": "A",
              "name": "Adenine",
              "colour": "CC0000",
              "complement": "T"
            }, {
              "symbol": "C",
              "name": "Cytosine",
              "colour": "0000CC",
              "complement": "G"
            }, {
              "symbol": "G",
              "name": "Guanine",
              "colour": "FFB300",
              "complement": "C"
            }, {
              "symbol": "T",
              "aliases": "U",
              "name": "Thymine",
              "colour": "008000",
              "complement": "A"
            }, {
              "symbol": "N",
              "aliases": "X.",
              "name": "Any base",
              "equals": "ACGT"
            }, {
              "symbol": "V",
              "name": "Not T",
              "equals": "ACG"
            }, {
              "symbol": "H",
              "name": "Not G",
              "equals": "ACT"
            }, {
              "symbol": "D",
              "name": "Not C",
              "equals": "AGT"
            }, {
              "symbol": "B",
              "name": "Not A",
              "equals": "CGT"
            }, {
              "symbol": "M",
              "name": "Amino",
              "equals": "AC"
            }, {
              "symbol": "R",
              "name": "Purine",
              "equals": "AG"
            }, {
              "symbol": "W",
              "name": "Weak",
              "equals": "AT"
            }, {
              "symbol": "S",
              "name": "Strong",
              "equals": "CG"
            }, {
              "symbol": "Y",
              "name": "Pyrimidine",
              "equals": "CT"
            }, {
              "symbol": "K",
              "name": "Keto",
              "equals": "GT"
            }
          ]
        },
        "background": [0.25, 0.25, 0.25, 0.25],
        "query_dbs": [
          {
            "source": "/ocean/projects/bio230007p/sujathab/Motif_analysis/output/meme_chip_shared_enhancer/streme_out/streme.xml",
            "name": "streme.xml",
            "loaded": 18,
            "excluded": 0,
            "last_modified": "Thu Apr  9 10:01:27 2026"
          }
        ],
        "target_dbs": [
          {
            "source": "/ocean/projects/bio230007p/sujathab/motif_dbs/JASPAR2026_vertebrates_combined.meme",
            "name": "JASPAR2026_vertebrates_combined",
            "loaded": 1019,
            "excluded": 0,
            "last_modified": "Tue Apr  7 23:54:07 2026"
          }
        ],
        "queries": [
          {
            "db": 0,
            "id": "1-CCASYAGRKGGCRSYVKW",
            "alt": "STREME-1",
            "len": 18,
            "nsites": 1666,
            "evalue": "7.3e-044",
            "pwm": [
              [0.109592, 0.813775, 0.0323774, 0.0442557], 
              [3.83607e-05, 0.999884, 3.92556e-05, 3.83607e-05], 
              [0.869871, 0.00333907, 0.0548161, 0.0719745], 
              [0.023137, 0.632284, 0.334641, 0.00993778], 
              [0.140611, 0.399318, 0.0396369, 0.420435], 
              [0.917388, 0.0119186, 0.0376571, 0.0330364], 
              [3.83607e-05, 3.92556e-05, 0.999884, 3.83607e-05], 
              [0.433635, 3.92556e-05, 0.566288, 3.83607e-05], 
              [0.0105978, 0.00927871, 0.521411, 0.458713], 
              [0.00201824, 3.92556e-05, 0.997904, 3.83607e-05], 
              [0.00531805, 0.00795899, 0.90023, 0.0864934], 
              [0.0719743, 0.869212, 0.00597891, 0.0528355], 
              [0.553089, 0.00465899, 0.426375, 0.0158775], 
              [0.0917731, 0.468613, 0.411857, 0.0277567], 
              [0.108273, 0.36962, 0.0739551, 0.448153], 
              [0.437595, 0.236306, 0.273924, 0.0521753], 
              [0.170969, 0.180869, 0.275904, 0.372258], 
              [0.3551, 0.16173, 0.17295, 0.31022]
            ]
          }, {
            "db": 0,
            "id": "10-CCCCACCCCTT",
            "alt": "STREME-10",
            "len": 11,
            "nsites": 91,
            "evalue": "3.2e-002",
            "pwm": [
              [0.0224327, 0.899699, 0.0438646, 0.0340042], 
              [0.0438335, 0.932673, 0.00106081, 0.0224327], 
              [0.00103179, 0.932673, 0.0438625, 0.0224327], 
              [0.0224327, 0.911272, 0.0438625, 0.0224327], 
              [0.82562, 0.0224616, 0.0866769, 0.0652407], 
              [0.00103179, 0.942506, 0.0224616, 0.0340001], 
              [0.0224327, 0.889859, 0.00106081, 0.0866479], 
              [0.00991324, 0.945192, 0.0224616, 0.0224327], 
              [0.00991324, 0.957712, 0.0224616, 0.00991324], 
              [0.0224327, 0.104462, 0.0438625, 0.829243], 
              [0.00103179, 0.0866769, 0.108086, 0.804205]
            ]
          }, {
            "db": 0,
            "id": "11-AAAACAAA",
            "alt": "STREME-11",
            "len": 8,
            "nsites": 979,
            "evalue": "3.3e-002",
            "pwm": [
              [0.764574, 0.0705109, 0.100612, 0.0643022], 
              [0.924653, 0.00226405, 0.0528394, 0.0202438], 
              [0.899372, 0.031831, 0.0528735, 0.0159242], 
              [0.85181, 0.063359, 0.0640864, 0.0207447], 
              [0.000347633, 0.876239, 0.000359976, 0.123053], 
              [0.902352, 0.0390966, 0.028, 0.0305505], 
              [0.996687, 0.000359976, 0.000359976, 0.00259359], 
              [0.93691, 0.0147419, 0.0210716, 0.0272764]
            ]
          }, {
            "db": 0,
            "id": "12-AGGAAG",
            "alt": "STREME-12",
            "len": 6,
            "nsites": 1050,
            "evalue": "3.5e-002",
            "pwm": [
              [0.931326, 0.0231761, 0.0231761, 0.0223217], 
              [0.0223217, 0.0231761, 0.93218, 0.0223217], 
              [0.0223217, 0.0231761, 0.93218, 0.0223217], 
              [0.931326, 0.0231761, 0.0231761, 0.0223217], 
              [0.931326, 0.0231761, 0.0231761, 0.0223217], 
              [0.0223217, 0.0231761, 0.93218, 0.0223217]
            ]
          }, {
            "db": 0,
            "id": "13-AAATATTT",
            "alt": "STREME-13",
            "len": 8,
            "nsites": 189,
            "evalue": "3.8e-002",
            "pwm": [
              [0.868521, 0.085724, 0.00113926, 0.0446162], 
              [0.981013, 0.00113926, 0.00113926, 0.0167087], 
              [0.785258, 0.0931448, 0.0487235, 0.0728745], 
              [0.0011021, 0.00113926, 0.00113926, 0.996619], 
              [0.996619, 0.00113926, 0.00113926, 0.0011021], 
              [0.0728745, 0.0487235, 0.0931448, 0.785258], 
              [0.0167087, 0.00113926, 0.00113926, 0.981013], 
              [0.0446162, 0.00113926, 0.085724, 0.868521]
            ]
          }, {
            "db": 0,
            "id": "14-AGCCTTGG",
            "alt": "STREME-14",
            "len": 8,
            "nsites": 798,
            "evalue": "4.5e-002",
            "pwm": [
              [0.966355, 0.00063825, 0.0252873, 0.0077197], 
              [0.101093, 0.0220323, 0.842266, 0.0346099], 
              [0.0237803, 0.843326, 0.0653571, 0.0675369], 
              [0.0267111, 0.924996, 0.000964278, 0.0473277], 
              [0.0399774, 0.062934, 0.00939046, 0.887698], 
              [0.00498751, 0.0721029, 0.000544416, 0.922365], 
              [0.0166739, 0.0112365, 0.922127, 0.049963], 
              [0.0537145, 0.0736525, 0.847395, 0.0252378]
            ]
          }, {
            "db": 0,
            "id": "15-AAGTCA",
            "alt": "STREME-15",
            "len": 6,
            "nsites": 780,
            "evalue": "4.6e-002",
            "pwm": [
              [0.799738, 0.00225336, 0.00225336, 0.195756], 
              [0.764408, 0.231166, 0.00225336, 0.00217138], 
              [0.00217138, 0.00225336, 0.993404, 0.00217138], 
              [0.00217138, 0.00225336, 0.00225336, 0.993322], 
              [0.00217138, 0.993404, 0.00225336, 0.00217138], 
              [0.962769, 0.00225336, 0.0328065, 0.00217138]
            ]
          }, {
            "db": 0,
            "id": "16-AGAGAAACCCTGT",
            "alt": "STREME-16",
            "len": 13,
            "nsites": 37,
            "evalue": "1.2e-001",
            "pwm": [
              [0.993482, 0.0021916, 0.0021916, 0.00213558], 
              [0.00213558, 0.0021916, 0.952233, 0.04344], 
              [0.993482, 0.0021916, 0.0021916, 0.00213558], 
              [0.04344, 0.0021916, 0.952233, 0.00213558], 
              [0.952177, 0.0021916, 0.0434959, 0.00213558], 
              [0.910873, 0.0434959, 0.0434959, 0.00213558], 
              [0.910873, 0.0021916, 0.0848003, 0.00213558], 
              [0.00213558, 0.787016, 0.167409, 0.04344], 
              [0.00213558, 0.952233, 0.0021916, 0.04344], 
              [0.0847443, 0.787016, 0.0434959, 0.0847443], 
              [0.0847443, 0.126105, 0.0021916, 0.78696], 
              [0.00213558, 0.0848003, 0.910929, 0.00213558], 
              [0.00213558, 0.0021916, 0.250018, 0.745655]
            ]
          }, {
            "db": 0,
            "id": "17-AACCCCACTGCC",
            "alt": "STREME-17",
            "len": 12,
            "nsites": 27,
            "evalue": "2.5e-001",
            "pwm": [
              [0.874061, 0.00237834, 0.0419976, 0.081563], 
              [0.794819, 0.12124, 0.00237834, 0.081563], 
              [0.00232461, 0.992972, 0.00237834, 0.00232461], 
              [0.081563, 0.913734, 0.00237834, 0.00232461], 
              [0.0419438, 0.913734, 0.0419976, 0.00232461], 
              [0.00232461, 0.874114, 0.121236, 0.00232461], 
              [0.992918, 0.00237834, 0.00237834, 0.00232461], 
              [0.00232461, 0.874114, 0.0419976, 0.081563], 
              [0.00232461, 0.0816167, 0.12124, 0.794819], 
              [0.00232461, 0.00237834, 0.953353, 0.0419438], 
              [0.00232461, 0.953353, 0.00237834, 0.0419438], 
              [0.0419438, 0.913734, 0.00237834, 0.0419438]
            ]
          }, {
            "db": 0,
            "id": "18-TTAGCAAT",
            "alt": "STREME-18",
            "len": 8,
            "nsites": 343,
            "evalue": "2.7e-001",
            "pwm": [
              [0.000652239, 0.0538359, 0.0343615, 0.91115], 
              [0.000652239, 0.000674441, 0.072887, 0.925786], 
              [0.859571, 0.000674441, 0.000674441, 0.13908], 
              [0.000652239, 0.000674441, 0.998021, 0.000652239], 
              [0.0486952, 0.93088, 0.000674441, 0.0197503], 
              [0.762745, 0.000674441, 0.0666853, 0.169895], 
              [0.89198, 0.0744571, 0.000674441, 0.0328887], 
              [0.146092, 0.162973, 0.0366288, 0.654305]
            ]
          }, {
            "db": 0,
            "id": "2-CCCCRCCCCCMCCCC",
            "alt": "STREME-2",
            "len": 15,
            "nsites": 268,
            "evalue": "2.4e-004",
            "pwm": [
              [0.0160326, 0.855288, 0.000238389, 0.128441], 
              [0.0120827, 0.979546, 0.00813816, 0.000233033], 
              [0.0397319, 0.912398, 0.0476372, 0.000233033], 
              [0.0357825, 0.872899, 0.0160379, 0.0752808], 
              [0.434733, 0.140517, 0.250722, 0.174028], 
              [0.0318325, 0.872899, 0.000238389, 0.0950306], 
              [0.000233033, 0.983496, 0.000238389, 0.0160326], 
              [0.0199824, 0.963747, 0.0160379, 0.000233033], 
              [0.0120827, 0.912398, 0.0673864, 0.0081328], 
              [0.0555324, 0.81365, 0.0634371, 0.067381], 
              [0.369224, 0.389361, 0.118736, 0.12268], 
              [0.111898, 0.682236, 0.0752866, 0.13058], 
              [0.000233033, 0.789952, 0.114785, 0.0950302], 
              [0.0368494, 0.816532, 0.000238389, 0.146381], 
              [0.110832, 0.721436, 0.106612, 0.0611209]
            ]
          }, {
            "db": 0,
            "id": "3-CMAAGGTCA",
            "alt": "STREME-3",
            "len": 9,
            "nsites": 552,
            "evalue": "1.2e-002",
            "pwm": [
              [0.000299372, 0.841771, 0.000309108, 0.157621], 
              [0.486727, 0.309956, 0.0838029, 0.119514], 
              [0.857395, 0.0346245, 0.0334344, 0.0745458], 
              [0.966055, 0.0132343, 0.0204107, 0.000299372], 
              [0.000299372, 0.000309108, 0.975127, 0.0242653], 
              [0.000299372, 0.000309108, 0.907235, 0.0921566], 
              [0.0930056, 0.0418096, 0.0430368, 0.822148], 
              [0.000299372, 0.856504, 0.031797, 0.111399], 
              [0.968758, 0.000309108, 0.0306338, 0.000299372]
            ]
          }, {
            "db": 0,
            "id": "4-CACTAGAGGG",
            "alt": "STREME-4",
            "len": 10,
            "nsites": 67,
            "evalue": "1.5e-002",
            "pwm": [
              [0.131251, 0.86668, 0.0010472, 0.0010223], 
              [0.98696, 0.0010472, 0.0109707, 0.0010223], 
              [0.00864146, 0.779174, 0.211162, 0.0010223], 
              [0.0010223, 0.0010472, 0.0928451, 0.905085], 
              [0.996883, 0.0010472, 0.0010472, 0.0010223], 
              [0.189883, 0.0010472, 0.75297, 0.0560999], 
              [0.82001, 0.082105, 0.0785028, 0.0193815], 
              [0.0193815, 0.0010472, 0.827887, 0.151684], 
              [0.0010223, 0.0010472, 0.986985, 0.0109457], 
              [0.068551, 0.0010472, 0.91102, 0.0193815]
            ]
          }, {
            "db": 0,
            "id": "5-AGGAAA",
            "alt": "STREME-5",
            "len": 6,
            "nsites": 909,
            "evalue": "1.8e-002",
            "pwm": [
              [0.931316, 0.0231795, 0.0231795, 0.022325], 
              [0.022325, 0.0231795, 0.93217, 0.022325], 
              [0.022325, 0.0231795, 0.93217, 0.022325], 
              [0.931316, 0.0231795, 0.0231795, 0.022325], 
              [0.931316, 0.0231795, 0.0231795, 0.022325], 
              [0.931316, 0.0231795, 0.0231795, 0.022325]
            ]
          }, {
            "db": 0,
            "id": "6-CCCTCCCTCCCCC",
            "alt": "STREME-6",
            "len": 13,
            "nsites": 87,
            "evalue": "1.9e-002",
            "pwm": [
              [0.0184943, 0.878566, 0.0509616, 0.0519785], 
              [0.025838, 0.922469, 0.0133017, 0.0383912], 
              [0.0258386, 0.859696, 0.000748303, 0.113717], 
              [0.0509446, 0.0185113, 0.0938337, 0.836711], 
              [0.0383912, 0.826083, 0.0384083, 0.097118], 
              [0.0132846, 0.947576, 0.0258549, 0.0132846], 
              [0.0383912, 0.884809, 0.0258549, 0.0509446], 
              [0.101159, 0.000748303, 0.0133017, 0.884791], 
              [0.0132846, 0.841938, 0.0561725, 0.0886057], 
              [0.0561542, 0.904705, 0.0258549, 0.0132852], 
              [0.0509458, 0.892152, 0.0509616, 0.00594097], 
              [0.0561542, 0.649259, 0.0384083, 0.256179], 
              [0.0509458, 0.847146, 0.0635161, 0.0383925]
            ]
          }, {
            "db": 0,
            "id": "7-AAAGAAAGAAAAA",
            "alt": "STREME-7",
            "len": 13,
            "nsites": 133,
            "evalue": "2.4e-002",
            "pwm": [
              [0.870168, 0.0514246, 0.0498409, 0.0285671], 
              [0.910164, 0.0203533, 0.0237675, 0.045716], 
              [0.883386, 0.0333898, 0.0580711, 0.0251537], 
              [0.155155, 0.00871499, 0.799337, 0.036792], 
              [0.965641, 0.00871499, 0.0087158, 0.0169287], 
              [0.903622, 0.0251648, 0.0460604, 0.0251537], 
              [0.916292, 0.00871499, 0.0662895, 0.00870384], 
              [0.321521, 0.00871499, 0.652835, 0.0169287], 
              [0.775523, 0.0333898, 0.149484, 0.0416036], 
              [0.931158, 0.0169399, 0.018524, 0.0333787], 
              [0.888894, 0.00871499, 0.0443369, 0.0580542], 
              [0.784928, 0.0333898, 0.148304, 0.0333787], 
              [0.845368, 0.053253, 0.0597748, 0.0416036]
            ]
          }, {
            "db": 0,
            "id": "8-AGACACKG",
            "alt": "STREME-8",
            "len": 8,
            "nsites": 91,
            "evalue": "2.5e-002",
            "pwm": [
              [0.947654, 0.0484453, 0.00198175, 0.00191874], 
              [0.00191874, 0.00198175, 0.994181, 0.00191874], 
              [0.994117, 0.00198175, 0.00198175, 0.00191874], 
              [0.00191874, 0.994181, 0.00198175, 0.00191874], 
              [0.908408, 0.00198175, 0.0876912, 0.00191874], 
              [0.00191874, 0.994181, 0.00198175, 0.00191874], 
              [0.00191874, 0.0152423, 0.342406, 0.640432], 
              [0.00191874, 0.00198175, 0.994181, 0.00191874]
            ]
          }, {
            "db": 0,
            "id": "9-DTTAATNATTAAH",
            "alt": "STREME-9",
            "len": 13,
            "nsites": 154,
            "evalue": "2.8e-002",
            "pwm": [
              [0.256292, 0.0497224, 0.446999, 0.246987], 
              [0.0332737, 0.0168433, 0.0905414, 0.859341], 
              [0.158214, 0.0708142, 0.0431466, 0.727826], 
              [0.944827, 0.0149198, 0.0102675, 0.0299859], 
              [0.857419, 0.0694493, 0.023419, 0.0497135], 
              [0.169441, 0.00697963, 0.00369174, 0.819887], 
              [0.253563, 0.246437, 0.246437, 0.253563], 
              [0.819887, 0.00369174, 0.00697963, 0.169441], 
              [0.0497135, 0.023419, 0.0694493, 0.857419], 
              [0.0299859, 0.0102675, 0.0149198, 0.944827], 
              [0.727826, 0.0431466, 0.0708142, 0.158214], 
              [0.859341, 0.0905414, 0.0168433, 0.0332737], 
              [0.246987, 0.446999, 0.0497224, 0.256292]
            ]
          }
        ],
        "targets": [
          {
            "db": 0,
            "id": "MA0017.3",
            "alt": "NR2F1",
            "len": 12,
            "nsites": 12059,
            "url": "http://jaspar.elixir.no/matrix/MA0017.3",
            "pwm": [
              [0.602535, 0.140311, 0.0956143, 0.16154], 
              [0.525209, 0.0320968, 0.403797, 0.0388968], 
              [0.691459, 2.07312e-06, 0.308537, 2.07312e-06], 
              [2.07312e-06, 0.00248405, 0.997512, 2.07312e-06], 
              [2.07312e-06, 2.07312e-06, 0.999994, 2.07312e-06], 
              [2.07312e-06, 2.07312e-06, 2.07312e-06, 0.999994], 
              [2.07312e-06, 0.999994, 2.07312e-06, 2.07312e-06], 
              [0.992504, 2.07312e-06, 0.00749201, 2.07312e-06], 
              [0.424246, 0.253338, 0.134175, 0.188242], 
              [0.267767, 0.245957, 0.364457, 0.121819], 
              [0.271664, 0.204826, 0.322248, 0.20126], 
              [0.116125, 0.0595246, 0.753502, 0.0708485]
            ]
          }, {
            "db": 0,
            "id": "MA0039.5",
            "alt": "KLF4",
            "len": 8,
            "nsites": 55817,
            "url": "http://jaspar.elixir.no/matrix/MA0039.5",
            "pwm": [
              [0.0441624, 0.881612, 0.0283614, 0.0458644], 
              [0.0377134, 0.857533, 0.0217504, 0.0830033], 
              [0.125786, 0.813461, 0.0254764, 0.0352764], 
              [0.0210154, 0.947291, 0.0142074, 0.0174864], 
              [0.81699, 0.00288444, 0.118208, 0.0619173], 
              [0.0152644, 0.938172, 0.0263364, 0.0202274], 
              [0.0289704, 0.915706, 0.0335024, 0.0218214], 
              [0.0215354, 0.914505, 0.0180054, 0.0459544]
            ]
          }, {
            "db": 0,
            "id": "MA0046.3",
            "alt": "HNF1A",
            "len": 13,
            "nsites": 15200,
            "url": "http://jaspar.elixir.no/matrix/MA0046.3",
            "pwm": [
              [0.459275, 0.0273045, 0.471578, 0.0418434], 
              [0.0228055, 0.0642902, 0.0547683, 0.858135], 
              [0.147344, 0.109724, 0.0275085, 0.715424], 
              [0.981746, 0.000209643, 0.0170705, 0.000972638], 
              [0.933677, 0.0417724, 0.000529641, 0.0240215], 
              [0.0803641, 0.0266845, 0.000443642, 0.892508], 
              [0.236076, 0.265055, 0.320893, 0.177976], 
              [0.934046, 0.000595641, 0.0223805, 0.0429774], 
              [0.0452363, 0.000828639, 0.0537613, 0.900174], 
              [0.00291363, 0.0158095, 0.000278643, 0.980998], 
              [0.814984, 0.0136526, 0.0770131, 0.09435], 
              [0.878107, 0.0431344, 0.0679592, 0.0108006], 
              [0.0864821, 0.822325, 0.0380694, 0.0531223]
            ]
          }, {
            "db": 0,
            "id": "MA0062.4",
            "alt": "GABPA",
            "len": 10,
            "nsites": 65479,
            "url": "http://jaspar.elixir.no/matrix/MA0062.4",
            "pwm": [
              [0.116663, 0.632232, 0.106737, 0.144367], 
              [0.798117, 0.0609053, 0.0744213, 0.0665563], 
              [0.0141884, 0.850104, 0.0331253, 0.102583], 
              [0.0593323, 0.0220383, 0.0147384, 0.903892], 
              [0.0131654, 0.0187854, 0.0249393, 0.943111], 
              [0.0213503, 0.937292, 0.0175634, 0.0237943], 
              [0.0151654, 0.963774, 0.00794137, 0.0131194], 
              [0.0262993, 0.0235503, 0.0696563, 0.880495], 
              [0.0338893, 0.0966422, 0.792925, 0.0765443], 
              [0.0816143, 0.183356, 0.1179, 0.617128]
            ]
          }, {
            "db": 0,
            "id": "MA0065.3",
            "alt": "Pparg::Rxra",
            "len": 13,
            "nsites": 860,
            "url": "http://jaspar.elixir.no/matrix/MA0065.3",
            "pwm": [
              [0.453464, 0.02677, 0.427886, 0.0918784], 
              [0.11616, 0.00351266, 0.779264, 0.101062], 
              [0.161263, 0.017428, 0.781841, 0.0394675], 
              [0.168223, 0.149664, 0.458213, 0.223901], 
              [0.0822905, 0.63379, 0.207421, 0.0764972], 
              [0.948934, 0.0243602, 0.017408, 0.00929799], 
              [0.604826, 0.0556426, 0.312855, 0.026677], 
              [0.825164, 0.00581539, 0.158576, 0.0104449], 
              [0.095035, 0.0023458, 0.888686, 0.0139324], 
              [0.0475325, 0.0104569, 0.802949, 0.139063], 
              [0.0255181, 0.114732, 0.304745, 0.555006], 
              [0.0626668, 0.643806, 0.167063, 0.126464], 
              [0.784161, 0.0673062, 0.0545467, 0.0939861]
            ]
          }, {
            "db": 0,
            "id": "MA0071.1",
            "alt": "RORA",
            "len": 10,
            "nsites": 25,
            "url": "http://jaspar.elixir.no/matrix/MA0071.1",
            "pwm": [
              [0.598606, 0.0408367, 0.0806773, 0.27988], 
              [0.359562, 0.0408367, 0.000996016, 0.598606], 
              [0.24004, 0.479084, 0.160359, 0.120518], 
              [0.439243, 0.0806773, 0.200199, 0.27988], 
              [0.837649, 0.000996016, 0.160359, 0.000996016], 
              [0.000996016, 0.000996016, 0.997012, 0.000996016], 
              [0.000996016, 0.000996016, 0.997012, 0.000996016], 
              [0.000996016, 0.000996016, 0.000996016, 0.997012], 
              [0.000996016, 0.997012, 0.000996016, 0.000996016], 
              [0.997012, 0.000996016, 0.000996016, 0.000996016]
            ]
          }, {
            "db": 0,
            "id": "MA0073.2",
            "alt": "RREB1",
            "len": 19,
            "nsites": 11,
            "url": "http://jaspar.elixir.no/matrix/MA0073.2",
            "pwm": [
              [0.272522, 0.722973, 0.00225225, 0.00225225], 
              [0.0923423, 0.903153, 0.00225225, 0.00225225], 
              [0.272522, 0.722973, 0.00225225, 0.00225225], 
              [0.00225225, 0.993243, 0.00225225, 0.00225225], 
              [0.632883, 0.362612, 0.00225225, 0.00225225], 
              [0.813063, 0.182432, 0.00225225, 0.00225225], 
              [0.722973, 0.272522, 0.00225225, 0.00225225], 
              [0.362612, 0.542793, 0.00225225, 0.0923423], 
              [0.00225225, 0.993243, 0.00225225, 0.00225225], 
              [0.993243, 0.00225225, 0.00225225, 0.00225225], 
              [0.362612, 0.632883, 0.00225225, 0.00225225], 
              [0.0923423, 0.903153, 0.00225225, 0.00225225], 
              [0.272522, 0.722973, 0.00225225, 0.00225225], 
              [0.362612, 0.542793, 0.0923423, 0.00225225], 
              [0.182432, 0.813063, 0.00225225, 0.00225225], 
              [0.362612, 0.452702, 0.00225225, 0.182432], 
              [0.362612, 0.452702, 0.0923423, 0.0923423], 
              [0.362612, 0.542793, 0.00225225, 0.0923423], 
              [0.0923423, 0.632883, 0.272522, 0.00225225]
            ]
          }, {
            "db": 0,
            "id": "MA0079.5",
            "alt": "SP1",
            "len": 9,
            "nsites": 1000,
            "url": "http://jaspar.elixir.no/matrix/MA0079.5",
            "pwm": [
              [0.00107989, 0.00107989, 0.950352, 0.0474883], 
              [0.00107989, 0.00107989, 0.99676, 0.00107989], 
              [0.00107989, 0.00107989, 0.99676, 0.00107989], 
              [0.00107989, 0.00107989, 0.99676, 0.00107989], 
              [0.266876, 0.730964, 0.00107989, 0.00107989], 
              [0.00107989, 0.00107989, 0.99676, 0.00107989], 
              [0.00107989, 0.0854595, 0.912381, 0.00107989], 
              [0.254219, 0.0517078, 0.659242, 0.0348315], 
              [0.161401, 0.00107989, 0.836439, 0.00107989]
            ]
          }, {
            "db": 0,
            "id": "MA0080.7",
            "alt": "Spi1",
            "len": 13,
            "nsites": 105198,
            "url": "http://jaspar.elixir.no/matrix/MA0080.7",
            "pwm": [
              [0.632436, 0.0652392, 0.216801, 0.0855242], 
              [0.782143, 0.0547352, 0.100895, 0.0622262], 
              [0.774359, 0.0221492, 0.0971501, 0.106342], 
              [0.0820932, 0.115981, 0.760338, 0.0415882], 
              [0.855072, 0.0246582, 0.0915992, 0.0286702], 
              [0.0387552, 0.00522823, 0.944504, 0.0115122], 
              [0.0192782, 0.00789923, 0.963734, 0.00908823], 
              [0.969713, 0.0104092, 0.0101052, 0.00977223], 
              [0.94611, 0.00910723, 0.0173202, 0.0274622], 
              [0.0723972, 0.0671782, 0.847354, 0.0130712], 
              [0.161572, 0.0353242, 0.0487462, 0.754358], 
              [0.0947931, 0.0577482, 0.792647, 0.0548112], 
              [0.220479, 0.11005, 0.548195, 0.121276]
            ]
          }, {
            "db": 0,
            "id": "MA0081.3",
            "alt": "SPIB",
            "len": 13,
            "nsites": 26930,
            "url": "http://jaspar.elixir.no/matrix/MA0081.3",
            "pwm": [
              [0.0809136, 0.23873, 0.118567, 0.561789], 
              [0.0140749, 0.890121, 0.0639067, 0.0318988], 
              [0.903043, 0.0229868, 0.0248428, 0.0491277], 
              [0.0088759, 0.844038, 0.0934276, 0.0536587], 
              [0.0167109, 0.0087639, 0.00583091, 0.968694], 
              [0.0070559, 0.0074279, 0.00902389, 0.976492], 
              [0.0076499, 0.970847, 0.00568191, 0.0158199], 
              [0.0102129, 0.946599, 0.00479091, 0.0383968], 
              [0.0321208, 0.167731, 0.0679177, 0.73223], 
              [0.0378768, 0.74686, 0.0860016, 0.129261], 
              [0.184293, 0.145637, 0.0290018, 0.641068], 
              [0.105385, 0.201448, 0.0774976, 0.615669], 
              [0.154437, 0.223877, 0.0894546, 0.532231]
            ]
          }, {
            "db": 0,
            "id": "MA0084.2",
            "alt": "SRY",
            "len": 7,
            "nsites": 28,
            "url": "http://jaspar.elixir.no/matrix/MA0084.2",
            "pwm": [
              [0.534697, 0.00088968, 0.107651, 0.356762], 
              [0.641459, 0.107651, 0.107651, 0.143238], 
              [0.890569, 0.00088968, 0.00088968, 0.107651], 
              [0.00088968, 0.926156, 0.00088968, 0.0720645], 
              [0.997331, 0.00088968, 0.00088968, 0.00088968], 
              [0.961744, 0.00088968, 0.0364766, 0.00088968], 
              [0.25, 0.00088968, 0.0720645, 0.677046]
            ]
          }, {
            "db": 0,
            "id": "MA0115.1",
            "alt": "NR1H2::RXRA",
            "len": 17,
            "nsites": 25,
            "url": "http://jaspar.elixir.no/matrix/MA0115.1",
            "pwm": [
              [0.678287, 0.200199, 0.000996016, 0.120518], 
              [0.678287, 0.0408367, 0.200199, 0.0806773], 
              [0.797809, 0.000996016, 0.200199, 0.000996016], 
              [0.000996016, 0.000996016, 0.997012, 0.000996016], 
              [0.000996016, 0.000996016, 0.957171, 0.0408367], 
              [0.000996016, 0.000996016, 0.000996016, 0.997012], 
              [0.000996016, 0.997012, 0.000996016, 0.000996016], 
              [0.997012, 0.000996016, 0.000996016, 0.000996016], 
              [0.957171, 0.000996016, 0.000996016, 0.0408367], 
              [0.997012, 0.000996016, 0.000996016, 0.000996016], 
              [0.000996016, 0.000996016, 0.997012, 0.000996016], 
              [0.000996016, 0.000996016, 0.997012, 0.000996016], 
              [0.000996016, 0.000996016, 0.000996016, 0.997012], 
              [0.000996016, 0.997012, 0.000996016, 0.000996016], 
              [0.997012, 0.000996016, 0.000996016, 0.000996016], 
              [0.797809, 0.0408367, 0.0806773, 0.0806773], 
              [0.000996016, 0.598606, 0.24004, 0.160359]
            ]
          }, {
            "db": 0,
            "id": "MA0136.4",
            "alt": "Elf5",
            "len": 8,
            "nsites": 42146,
            "url": "http://jaspar.elixir.no/matrix/MA0136.4",
            "pwm": [
              [0.698215, 0.143905, 0.123476, 0.0344045], 
              [0.920085, 0.0232055, 0.0486175, 0.00809157], 
              [0.0121486, 0.00431858, 0.9734, 0.0101316], 
              [0.0139286, 0.0121016, 0.963933, 0.0100376], 
              [0.970339, 0.0137626, 0.00925457, 0.00664458], 
              [0.962177, 0.00923057, 0.0114136, 0.0171786], 
              [0.0619044, 0.0292795, 0.896951, 0.0118646], 
              [0.122906, 0.0796044, 0.117401, 0.680087]
            ]
          }, {
            "db": 0,
            "id": "MA0139.2",
            "alt": "CTCF",
            "len": 15,
            "nsites": 913,
            "url": "http://jaspar.elixir.no/matrix/MA0139.2",
            "pwm": [
              [0.307771, 0.0536905, 0.491759, 0.14678], 
              [0.0613567, 0.876163, 0.0230259, 0.0394531], 
              [0.00878842, 0.988966, 2.73793e-05, 0.00221814], 
              [0.814834, 0.0142648, 0.0712136, 0.0996875], 
              [0.0438346, 0.578277, 0.365814, 0.0120741], 
              [0.11734, 0.474756, 0.0526536, 0.355251], 
              [0.933039, 0.0120871, 0.0351115, 0.0197622], 
              [0.00551478, 2.73793e-05, 0.991137, 0.00332002], 
              [0.365519, 0.00332002, 0.621254, 0.0099053], 
              [0.0592969, 0.0131979, 0.553205, 0.3743], 
              [0.0132129, 2.73793e-05, 0.977942, 0.00881742], 
              [0.0615586, 0.00881742, 0.851582, 0.0780408], 
              [0.114426, 0.80632, 0.00552778, 0.0737263], 
              [0.409224, 0.0143268, 0.557722, 0.0187273], 
              [0.0903255, 0.530806, 0.338096, 0.0407719]
            ]
          }, {
            "db": 0,
            "id": "MA0141.4",
            "alt": "ESRRB",
            "len": 10,
            "nsites": 2302,
            "url": "http://jaspar.elixir.no/matrix/MA0141.4",
            "pwm": [
              [0.0469248, 0.162037, 0.0325894, 0.758449], 
              [0.00447267, 0.865615, 0.12643, 0.00348171], 
              [0.997112, 0.000581835, 1.08596e-05, 0.00229476], 
              [0.997682, 0.000581835, 0.00172479, 1.08596e-05], 
              [0.00172279, 0.00115281, 0.996543, 0.000581835], 
              [0.000580835, 0.00229176, 0.995407, 0.00172079], 
              [0.00339871, 0.00622159, 0.00452766, 0.985852], 
              [0.00114481, 0.989764, 0.000577835, 0.00851349], 
              [0.967282, 1.08596e-05, 0.0310345, 0.00167279], 
              [0.343272, 0.125188, 0.020548, 0.510991]
            ]
          }, {
            "db": 0,
            "id": "MA0149.1",
            "alt": "EWSR1-FLI1",
            "len": 18,
            "nsites": 105,
            "url": "http://jaspar.elixir.no/matrix/MA0149.1",
            "pwm": [
              [0.000237869, 0.000237869, 0.999286, 0.000237869], 
              [0.0192677, 0.000237869, 0.980257, 0.000237869], 
              [0.989771, 0.000237869, 0.00975281, 0.000237869], 
              [0.989771, 0.000237869, 0.00975281, 0.000237869], 
              [0.00975281, 0.000237869, 0.989771, 0.000237869], 
              [0.0192677, 0.000237869, 0.970743, 0.00975281], 
              [0.980257, 0.000237869, 0.0192677, 0.000237869], 
              [0.970743, 0.000237869, 0.0287817, 0.000237869], 
              [0.000237869, 0.000237869, 0.989771, 0.00975281], 
              [0.000237869, 0.0192677, 0.980257, 0.000237869], 
              [0.942198, 0.0382966, 0.0192677, 0.000237869], 
              [0.999286, 0.000237869, 0.000237869, 0.000237869], 
              [0.000237869, 0.000237869, 0.999286, 0.000237869], 
              [0.000237869, 0.0192677, 0.980257, 0.000237869], 
              [0.951713, 0.0287817, 0.000237869, 0.0192677], 
              [0.970743, 0.000237869, 0.0192677, 0.00975281], 
              [0.0478116, 0.000237869, 0.923169, 0.0287817], 
              [0.0287817, 0.0287817, 0.923169, 0.0192677]
            ]
          }, {
            "db": 0,
            "id": "MA0153.2",
            "alt": "HNF1B",
            "len": 13,
            "nsites": 35025,
            "url": "http://jaspar.elixir.no/matrix/MA0153.2",
            "pwm": [
              [0.0436266, 0.0294086, 0.880483, 0.0464816], 
              [0.0152977, 0.0721605, 0.0405476, 0.871994], 
              [0.140396, 0.0849245, 0.0190637, 0.755616], 
              [0.985301, 0.000415713, 0.0127167, 0.00156671], 
              [0.941532, 0.0355076, 0.0042747, 0.0186857], 
              [0.0577575, 0.0240366, 0.00196171, 0.916244], 
              [0.210844, 0.299501, 0.312147, 0.177508], 
              [0.947171, 0.00224271, 0.0184287, 0.0321576], 
              [0.0387226, 0.0121757, 0.0465076, 0.902594], 
              [0.00253371, 0.0210547, 3.27137e-05, 0.976379], 
              [0.770531, 0.0198397, 0.131699, 0.0779305], 
              [0.888807, 0.0424246, 0.0570656, 0.0117017], 
              [0.0536686, 0.513116, 0.0217377, 0.411477]
            ]
          }, {
            "db": 0,
            "id": "MA0160.3",
            "alt": "NR4A2",
            "len": 8,
            "nsites": 259,
            "url": "http://jaspar.elixir.no/matrix/MA0160.3",
            "pwm": [
              [0.806735, 9.64878e-05, 0.108163, 0.0850057], 
              [0.91641, 9.64878e-05, 0.0044808, 0.079013], 
              [0.971814, 0.0233435, 0.00474569, 9.64878e-05], 
              [9.64878e-05, 9.64878e-05, 0.765351, 0.234456], 
              [9.64878e-05, 9.64878e-05, 0.990235, 0.00957183], 
              [0.0233435, 0.0853346, 0.0814601, 0.809862], 
              [9.64878e-05, 0.932772, 0.00455876, 0.0625724], 
              [0.825865, 0.0159004, 0.158138, 9.64878e-05]
            ]
          }, {
            "db": 0,
            "id": "MA0473.4",
            "alt": "ELF1",
            "len": 9,
            "nsites": 47770,
            "url": "http://jaspar.elixir.no/matrix/MA0473.4",
            "pwm": [
              [0.0647694, 0.793865, 0.100879, 0.0404864], 
              [0.882645, 0.0845303, 0.0195105, 0.0133145], 
              [0.00669951, 0.0088135, 0.976385, 0.00810151], 
              [0.0135865, 0.0105715, 0.962318, 0.0135235], 
              [0.961481, 0.0166635, 0.0141515, 0.00770451], 
              [0.9471, 0.0147585, 0.0163075, 0.0218345], 
              [0.0850533, 0.0328665, 0.873727, 0.00835351], 
              [0.0629894, 0.0417214, 0.0420144, 0.853275], 
              [0.119071, 0.0886753, 0.72759, 0.0646644]
            ]
          }, {
            "db": 0,
            "id": "MA0474.4",
            "alt": "Erg",
            "len": 10,
            "nsites": 30061,
            "url": "http://jaspar.elixir.no/matrix/MA0474.4",
            "pwm": [
              [0.654934, 0.0912155, 0.164199, 0.0896515], 
              [0.0611096, 0.823623, 0.0908825, 0.0243848], 
              [0.89062, 0.0851275, 0.0154028, 0.0088498], 
              [0.00565581, 0.00442482, 0.983398, 0.00652081], 
              [0.0098808, 0.0088158, 0.972055, 0.0092488], 
              [0.972953, 0.0118098, 0.0091158, 0.00612181], 
              [0.927479, 0.0123088, 0.0092158, 0.0509967], 
              [0.162802, 0.0390217, 0.785068, 0.0131078], 
              [0.0771106, 0.110109, 0.0954735, 0.717306], 
              [0.161206, 0.131, 0.59938, 0.108413]
            ]
          }, {
            "db": 0,
            "id": "MA0493.3",
            "alt": "KLF1",
            "len": 8,
            "nsites": 1001,
            "url": "http://jaspar.elixir.no/matrix/MA0493.3",
            "pwm": [
              [0.00102387, 0.00102387, 0.996928, 0.00102387], 
              [0.00102387, 0.00102387, 0.996928, 0.00102387], 
              [0.00102387, 0.00102387, 0.996928, 0.00102387], 
              [0.124887, 0.528444, 0.00102387, 0.345644], 
              [0.00102387, 0.00102387, 0.996928, 0.00102387], 
              [0.00102387, 0.00102387, 0.674284, 0.323669], 
              [0.0820168, 0.00102487, 0.895935, 0.0210229], 
              [0.00102387, 0.00102387, 0.996928, 0.00102387]
            ]
          }, {
            "db": 0,
            "id": "MA0504.2",
            "alt": "NR2C2",
            "len": 14,
            "nsites": 395,
            "url": "http://jaspar.elixir.no/matrix/MA0504.2",
            "pwm": [
              [0.207606, 0.177233, 0.559416, 0.0557452], 
              [0.488548, 0.0152494, 0.493609, 0.00259463], 
              [6.32751e-05, 0.0203111, 0.926411, 0.0532148], 
              [0.0253729, 0.00765635, 0.89857, 0.0684], 
              [0.00765635, 6.32751e-05, 0.200013, 0.792268], 
              [0.0152494, 0.782143, 0.136738, 0.0658696], 
              [0.868197, 6.32751e-05, 0.121552, 0.0101877], 
              [0.473361, 6.32751e-05, 0.526512, 6.32751e-05], 
              [0.820109, 6.32751e-05, 0.179765, 6.32751e-05], 
              [0.0253729, 6.32751e-05, 0.974501, 6.32751e-05], 
              [0.0279042, 6.32751e-05, 0.850481, 0.121552], 
              [6.32751e-05, 0.0684, 0.225322, 0.706214], 
              [0.0228425, 0.797329, 0.0886488, 0.0911792], 
              [0.734054, 6.32751e-05, 0.232915, 0.0329659]
            ]
          }, {
            "db": 0,
            "id": "MA0505.3",
            "alt": "Nr5a2",
            "len": 9,
            "nsites": 30542,
            "url": "http://jaspar.elixir.no/matrix/MA0505.3",
            "pwm": [
