<!DOCTYPE HTML>
<html>
  <head>
    <meta charset="UTF-8">
    <title>Tomtom Results</title>
    <script>
      // @JSON_VAR data
      var data = {
        "program": "Tomtom",
        "version": "5.4.1",
        "release": "Sat Aug 21 19:23:23 2021 -0700",
        "cmd": [
          "tomtom", "-verbosity", "1", "-oc",
          "/ocean/projects/bio230007p/sujathab/Motif_analysis/output/meme_chip_mouse_promoter/meme_tomtom_out",
          "-min-overlap", "5", "-dist", "pearson", "-evalue", "-thresh", "1",
          "-no-ssc",
          "/ocean/projects/bio230007p/sujathab/Motif_analysis/output/meme_chip_mouse_promoter/meme_out/meme.xml",
          "/ocean/projects/bio230007p/sujathab/motif_dbs/JASPAR2026_vertebrates_combined.meme"
        ],
        "options": {
          "strands": "both",
          "distance_measure": "pearson",
          "threshold_type": "evalue",
          "threshold_value": 1,
          "background_source": "--query--"
        },
        "alphabet": {
          "name": "DNA",
          "like": "dna",
          "ncore": 4,
          "symbols": [
            {
              "symbol": "A",
              "name": "Adenine",
              "colour": "CC0000",
              "complement": "T"
            }, {
              "symbol": "C",
              "name": "Cytosine",
              "colour": "0000CC",
              "complement": "G"
            }, {
              "symbol": "G",
              "name": "Guanine",
              "colour": "FFB300",
              "complement": "C"
            }, {
              "symbol": "T",
              "aliases": "U",
              "name": "Thymine",
              "colour": "008000",
              "complement": "A"
            }, {
              "symbol": "N",
              "aliases": "X.",
              "name": "Any base",
              "equals": "ACGT"
            }, {
              "symbol": "V",
              "name": "Not T",
              "equals": "ACG"
            }, {
              "symbol": "H",
              "name": "Not G",
              "equals": "ACT"
            }, {
              "symbol": "D",
              "name": "Not C",
              "equals": "AGT"
            }, {
              "symbol": "B",
              "name": "Not A",
              "equals": "CGT"
            }, {
              "symbol": "M",
              "name": "Amino",
              "equals": "AC"
            }, {
              "symbol": "R",
              "name": "Purine",
              "equals": "AG"
            }, {
              "symbol": "W",
              "name": "Weak",
              "equals": "AT"
            }, {
              "symbol": "S",
              "name": "Strong",
              "equals": "CG"
            }, {
              "symbol": "Y",
              "name": "Pyrimidine",
              "equals": "CT"
            }, {
              "symbol": "K",
              "name": "Keto",
              "equals": "GT"
            }
          ]
        },
        "background": [0.198, 0.302, 0.302, 0.198],
        "query_dbs": [
          {
            "source": "/ocean/projects/bio230007p/sujathab/Motif_analysis/output/meme_chip_mouse_promoter/meme_out/meme.xml",
            "name": "meme.xml",
            "loaded": 10,
            "excluded": 0,
            "last_modified": "Thu Apr  9 10:16:26 2026"
          }
        ],
        "target_dbs": [
          {
            "source": "/ocean/projects/bio230007p/sujathab/motif_dbs/JASPAR2026_vertebrates_combined.meme",
            "name": "JASPAR2026_vertebrates_combined",
            "loaded": 1019,
            "excluded": 0,
            "last_modified": "Tue Apr  7 23:54:07 2026"
          }
        ],
        "queries": [
          {
            "db": 0,
            "id": "ACACACACACACACACACAC",
            "alt": "MEME-4",
            "len": 20,
            "nsites": 162,
            "evalue": "3.0e-006",
            "pwm": [
              [0.77742, 0.0988904, 0.0372005, 0.0864888], 
              [0.0247979, 0.944048, 0.0248621, 0.00629134], 
              [0.894632, 0.000186305, 0.0927222, 0.0124605], 
              [0.0494747, 0.814499, 0.055708, 0.0803196], 
              [0.752744, 0.0063555, 0.17292, 0.0679813], 
              [0.000122147, 0.765146, 0.148243, 0.0864888], 
              [0.845279, 0.0372005, 0.0248621, 0.092658], 
              [0.0556439, 0.900865, 0.0433696, 0.000122147], 
              [0.894632, 0.0063555, 0.0803838, 0.0186297], 
              [0.00629134, 0.870019, 0.0063555, 0.117334], 
              [0.888463, 0.0433696, 0.000186305, 0.0679813], 
              [0.00629134, 0.956386, 0.0372005, 0.000122147], 
              [0.925477, 0.0618762, 0.0125247, 0.000122147], 
              [0.0124605, 0.894696, 0.0063555, 0.0864888], 
              [0.931646, 0.0618762, 0.0063555, 0.000122147], 
              [0.0186297, 0.962555, 0.0063555, 0.0124605], 
              [0.950153, 0.0125247, 0.0186939, 0.0186297], 
              [0.00629134, 0.870019, 0.111229, 0.0124605], 
              [0.956322, 0.0186939, 0.0125247, 0.0124605], 
              [0.0124605, 0.882358, 0.0248621, 0.0803196]
            ]
          }, {
            "db": 0,
            "id": "CTGCTGCTGCT",
            "alt": "MEME-6",
            "len": 11,
            "nsites": 428,
            "evalue": "1.8e+001",
            "pwm": [
              [4.62509e-05, 0.68449, 0.0771555, 0.238309], 
              [4.62509e-05, 7.05442e-05, 7.05442e-05, 0.999813], 
              [0.10049, 7.05442e-05, 0.899393, 4.62509e-05], 
              [4.62509e-05, 0.726537, 0.273371, 4.62509e-05], 
              [0.163559, 7.05442e-05, 7.05442e-05, 0.8363], 
              [0.116841, 0.0117498, 0.605069, 0.266339], 
              [0.0163974, 0.983486, 7.05442e-05, 4.62509e-05], 
              [0.0537717, 7.05442e-05, 7.05442e-05, 0.946087], 
              [0.0327486, 7.05442e-05, 0.967135, 4.62509e-05], 
              [0.0841386, 0.745223, 0.0818274, 0.0888105], 
              [4.62509e-05, 0.119202, 0.0140863, 0.866666]
            ]
          }, {
            "db": 0,
            "id": "DAAATRTTATGTAAT",
            "alt": "MEME-8",
            "len": 15,
            "nsites": 17,
            "evalue": "4.3e+001",
            "pwm": [
              [0.293556, 0.00176608, 0.352643, 0.352035], 
              [0.761392, 0.118725, 0.118725, 0.0011579], 
              [0.93683, 0.00176608, 0.00176608, 0.0596379], 
              [0.644433, 0.177205, 0.00176608, 0.176597], 
              [0.0596379, 0.177205, 0.177205, 0.585953], 
              [0.468994, 0.00176608, 0.411123, 0.118117], 
              [0.0011579, 0.00176608, 0.00176608, 0.99531], 
              [0.0011579, 0.00176608, 0.118725, 0.878351], 
              [0.761392, 0.0602461, 0.177205, 0.0011579], 
              [0.0011579, 0.00176608, 0.0602461, 0.93683], 
              [0.0011579, 0.00176608, 0.762, 0.235076], 
              [0.235076, 0.177205, 0.00176608, 0.585953], 
              [0.99531, 0.00176608, 0.00176608, 0.0011579], 
              [0.93683, 0.0602461, 0.00176608, 0.0011579], 
              [0.0011579, 0.177205, 0.00176608, 0.819871]
            ]
          }, {
            "db": 0,
            "id": "GGGGAGGGRRGGRGG",
            "alt": "MEME-7",
            "len": 15,
            "nsites": 568,
            "evalue": "1.1e-002",
            "pwm": [
              [0.0634037, 5.31596e-05, 0.786887, 0.149657], 
              [0.251752, 5.31596e-05, 0.517568, 0.230628], 
              [0.10565, 5.31596e-05, 0.864338, 0.0299596], 
              [0.165499, 0.135592, 0.698874, 3.48531e-05], 
              [0.602042, 0.0968671, 0.0616623, 0.23943], 
              [0.0722051, 5.31596e-05, 0.927707, 3.48531e-05], 
              [3.48531e-05, 0.0827846, 0.917146, 3.48531e-05], 
              [3.48531e-05, 5.31596e-05, 0.996357, 0.00355523], 
              [0.392572, 5.31596e-05, 0.558054, 0.0493222], 
              [0.4577, 0.0194158, 0.366186, 0.156697], 
              [0.197183, 0.012375, 0.790407, 3.48531e-05], 
              [0.299278, 0.0387783, 0.661909, 3.48531e-05], 
              [0.496426, 5.31596e-05, 0.436596, 0.0669241], 
              [0.10741, 0.0387783, 0.822091, 0.0317193], 
              [3.48531e-05, 0.0176561, 0.982274, 3.48531e-05]
            ]
          }, {
            "db": 0,
            "id": "GGGGCGGGGVVGGGSSSGGG",
            "alt": "MEME-5",
            "len": 20,
            "nsites": 1114,
            "evalue": "4.1e-014",
            "pwm": [
              [1.77722e-05, 0.246863, 0.723481, 0.0296381], 
              [0.183125, 0.0808099, 0.736047, 1.77722e-05], 
              [0.0359215, 0.121201, 0.842859, 1.77722e-05], 
              [0.0350236, 0.155309, 0.806059, 0.00360845], 
              [0.0215598, 0.849143, 2.71071e-05, 0.12927], 
              [0.0655419, 0.0269547, 0.907486, 1.77722e-05], 
              [0.0745171, 2.71071e-05, 0.925438, 1.77722e-05], 
              [0.114012, 0.090683, 0.795288, 1.77722e-05], 
              [0.0502823, 0.100557, 0.849143, 1.77722e-05], 
              [0.202873, 0.385988, 0.324055, 0.087084], 
              [0.237878, 0.407531, 0.298025, 0.0565657], 
              [0.0915716, 0.057473, 0.753102, 0.097855], 
              [0.196589, 0.201086, 0.602307, 1.77722e-05], 
              [0.211848, 0.137358, 0.620258, 0.030536], 
              [0.0727222, 0.311489, 0.615771, 1.77722e-05], 
              [0.0287402, 0.327646, 0.552043, 0.0915716], 
              [0.0852881, 0.358164, 0.529603, 0.0269454], 
              [0.175047, 0.114021, 0.710915, 1.77722e-05], 
              [0.147222, 0.140051, 0.71271, 1.77722e-05], 
              [1.77722e-05, 0.257634, 0.736047, 0.00630121]
            ]
          }, {
            "db": 0,
            "id": "GGSGGCGGSGGCGGS",
            "alt": "MEME-3",
            "len": 15,
            "nsites": 2076,
            "evalue": "3.5e-014",
            "pwm": [
              [9.53712e-06, 0.281793, 0.718188, 9.53712e-06], 
              [0.0452864, 1.45465e-05, 0.95469, 9.53712e-06], 
              [0.0722601, 0.574168, 0.326107, 0.0274652], 
              [0.0467313, 1.45465e-05, 0.886292, 0.0669623], 
              [0.0684072, 0.00145948, 0.930124, 9.53712e-06], 
              [9.53712e-06, 0.887737, 1.45465e-05, 0.112239], 
              [0.0265013, 0.00916611, 0.964323, 9.53712e-06], 
              [0.012051, 0.0351769, 0.929161, 0.0236114], 
              [0.0563648, 0.532744, 0.410881, 9.53712e-06], 
              [0.0717791, 0.183532, 0.716261, 0.0284282], 
              [0.128134, 0.223511, 0.633895, 0.0144598], 
              [0.0544389, 0.578985, 0.250003, 0.116574], 
              [0.14114, 0.221102, 0.565979, 0.0717791], 
              [9.53712e-06, 1.45465e-05, 0.986961, 0.0130149], 
              [0.10357, 0.52311, 0.352599, 0.0207215]
            ]
          }, {
            "db": 0,
            "id": "GKTGCTGGGAATTGAACT",
            "alt": "MEME-10",
            "len": 18,
            "nsites": 14,
            "evalue": "2.5e+002",
            "pwm": [
              [0.0723267, 0.00214184, 0.924127, 0.00140426], 
              [0.0723267, 0.00214184, 0.498596, 0.426936], 
              [0.00140426, 0.00214184, 0.00214184, 0.994312], 
              [0.0723267, 0.00214184, 0.711362, 0.21417], 
              [0.00140426, 0.924127, 0.00214184, 0.0723267], 
              [0.00140426, 0.00214184, 0.00214184, 0.994312], 
              [0.21417, 0.00214184, 0.782283, 0.00140426], 
              [0.0723267, 0.00214184, 0.924127, 0.00140426], 
              [0.0723267, 0.143986, 0.64044, 0.143248], 
              [0.852468, 0.0730643, 0.0730643, 0.00140426], 
              [0.994312, 0.00214184, 0.00214184, 0.00140426], 
              [0.00140426, 0.28583, 0.00214184, 0.710624], 
              [0.00140426, 0.00214184, 0.00214184, 0.994312], 
              [0.00140426, 0.00214184, 0.99505, 0.00140426], 
              [0.994312, 0.00214184, 0.00214184, 0.00140426], 
              [0.92339, 0.0730643, 0.00214184, 0.00140426], 
              [0.00140426, 0.924127, 0.0730643, 0.00140426], 
              [0.00140426, 0.00214184, 0.0730643, 0.92339]
            ]
          }, {
            "db": 0,
            "id": "KSTCWGSAGKTMAGAGCACH",
            "alt": "MEME-9",
            "len": 20,
            "nsites": 26,
            "evalue": "1.3e+002",
            "pwm": [
              [0.0773869, 0.00115709, 0.614184, 0.307272], 
              [0.0390733, 0.537556, 0.269357, 0.154015], 
              [0.000758621, 0.00115709, 0.00115709, 0.996927], 
              [0.000758621, 0.805754, 0.192728, 0.000758621], 
              [0.575471, 0.00115709, 0.00115709, 0.422215], 
              [0.154015, 0.0777854, 0.57587, 0.19233], 
              [0.000758621, 0.537556, 0.30767, 0.154015], 
              [0.958613, 0.00115709, 0.00115709, 0.0390733], 
              [0.115702, 0.231042, 0.652498, 0.000758621], 
              [0.000758621, 0.00115709, 0.460927, 0.537158], 
              [0.000758621, 0.00115709, 0.00115709, 0.996927], 
              [0.498843, 0.269357, 0.0777854, 0.154015], 
              [0.767042, 0.154414, 0.00115709, 0.0773869], 
              [0.115702, 0.0777854, 0.805754, 0.000758621], 
              [0.996927, 0.00115709, 0.00115709, 0.000758621], 
              [0.0773869, 0.00115709, 0.920697, 0.000758621], 
              [0.000758621, 0.729126, 0.00115709, 0.268958], 
              [0.805356, 0.192728, 0.00115709, 0.000758621], 
              [0.000758621, 0.959011, 0.0394717, 0.000758621], 
              [0.268958, 0.460927, 0.00115709, 0.268958]
            ]
          }, {
            "db": 0,
            "id": "TTTKTTTDTTTKTTT",
            "alt": "MEME-1",
            "len": 15,
            "nsites": 1273,
            "evalue": "1.2e-039",
            "pwm": [
              [0.182248, 0.0015946, 0.144552, 0.671605], 
              [0.0974159, 0.131199, 0.20425, 0.567135], 
              [0.149258, 2.37216e-05, 0.145338, 0.70538], 
              [0.178321, 0.119417, 0.326, 0.376263], 
              [0.173608, 2.37216e-05, 0.117061, 0.709308], 
              [0.00158643, 0.183827, 2.37216e-05, 0.814563], 
              [1.55526e-05, 2.37216e-05, 2.37216e-05, 0.999937], 
              [0.263938, 0.0879978, 0.343281, 0.304784], 
              [0.167323, 0.159477, 2.37216e-05, 0.673176], 
              [0.148472, 0.060506, 0.0777866, 0.713236], 
              [0.158683, 0.0675754, 0.15555, 0.618192], 
              [0.111555, 0.146124, 0.26866, 0.473662], 
              [1.55526e-05, 0.269445, 0.00080966, 0.72973], 
              [0.164968, 0.153979, 0.00080966, 0.680245], 
              [0.213667, 0.00080966, 0.0110209, 0.774503]
            ]
          }, {
            "db": 0,
            "id": "VYMYRSYGCCCYCTRSTGG",
            "alt": "MEME-2",
            "len": 19,
            "nsites": 710,
            "evalue": "2.8e-037",
            "pwm": [
              [0.253513, 0.369005, 0.202831, 0.174651], 
              [0.192959, 0.239446, 0.169033, 0.398564], 
              [0.270413, 0.394353, 0.188748, 0.146486], 
              [0.0859308, 0.246487, 0.204239, 0.463343], 
              [0.319701, 0.0634136, 0.484481, 0.132403], 
              [0.146486, 0.319716, 0.516871, 0.0169265], 
              [0.0493169, 0.429559, 4.25292e-05, 0.521081], 
              [0.00284449, 0.0211666, 0.844994, 0.130995], 
              [0.0676244, 0.902732, 0.0282076, 0.00143569], 
              [2.78834e-05, 0.973144, 4.25292e-05, 0.0267851], 
              [0.308435, 0.691494, 4.25292e-05, 2.78834e-05], 
              [0.00143569, 0.484481, 4.25292e-05, 0.51404], 
              [2.78834e-05, 0.999902, 4.25292e-05, 2.78834e-05], 
              [0.00143569, 4.25292e-05, 4.25292e-05, 0.998479], 
              [0.301393, 0.00285913, 0.484481, 0.211266], 
              [0.0183353, 0.476031, 0.483073, 0.0225597], 
              [0.122546, 0.112703, 0.00145033, 0.7633], 
              [2.78834e-05, 4.25292e-05, 0.999902, 2.78834e-05], 
              [0.0760732, 4.25292e-05, 0.923856, 2.78834e-05]
            ]
          }
        ],
        "targets": [
          {
            "db": 0,
            "id": "MA0025.3",
            "alt": "NFIL3",
            "len": 9,
            "nsites": 22996,
            "url": "http://jaspar.elixir.no/matrix/MA0025.3",
            "pwm": [
              [0.0378337, 0.0296152, 0.0225272, 0.910025], 
              [0.0203518, 0.00904627, 0.074536, 0.896066], 
              [0.92855, 0.00956827, 0.0430521, 0.0188298], 
              [0.0286577, 0.065708, 0.0213962, 0.884238], 
              [0.0634896, 0.0203092, 0.889673, 0.0265267], 
              [0.0590546, 0.522003, 0.0197442, 0.399199], 
              [0.950075, 0.0236142, 0.00743728, 0.0188738], 
              [0.952815, 0.0109163, 0.0156562, 0.0206128], 
              [0.0953644, 0.215646, 0.117456, 0.571532]
            ]
          }, {
            "db": 0,
            "id": "MA0039.5",
            "alt": "KLF4",
            "len": 8,
            "nsites": 55817,
            "url": "http://jaspar.elixir.no/matrix/MA0039.5",
            "pwm": [
              [0.0441623, 0.881612, 0.0283615, 0.0458643], 
              [0.0377133, 0.857533, 0.0217505, 0.0830032], 
              [0.125786, 0.813461, 0.0254765, 0.0352763], 
              [0.0210153, 0.947291, 0.0142075, 0.0174863], 
              [0.81699, 0.00288454, 0.118208, 0.0619172], 
              [0.0152643, 0.938172, 0.0263365, 0.0202273], 
              [0.0289703, 0.915706, 0.0335025, 0.0218213], 
              [0.0215353, 0.914505, 0.0180055, 0.0459543]
            ]
          }, {
            "db": 0,
            "id": "MA0041.3",
            "alt": "FOXD3",
            "len": 14,
            "nsites": 206,
            "url": "http://jaspar.elixir.no/matrix/MA0041.3",
            "pwm": [
              [0.41737, 0.106891, 0.0632229, 0.412517], 
              [0.56854, 0.0806764, 0.246472, 0.10431], 
              [0.347256, 0.171819, 0.171819, 0.309106], 
              [0.282787, 0.0859639, 0.580673, 0.0505766], 
              [0.255786, 0.281664, 0.0208085, 0.441742], 
              [0.81013, 0.175416, 0.00488323, 0.00957047], 
              [0.919005, 0.0431367, 0.000146531, 0.0377118], 
              [0.944389, 0.00566885, 0.0388018, 0.0111407], 
              [9.607e-05, 0.251487, 0.000146531, 0.748271], 
              [0.928993, 0.021875, 0.0110113, 0.0381206], 
              [0.850429, 0.054846, 0.0399282, 0.0547955], 
              [0.703459, 0.0700716, 0.0824116, 0.144059], 
              [0.0573373, 0.753085, 0.0573877, 0.132191], 
              [0.562886, 0.0901928, 0.135216, 0.211705]
            ]
          }, {
            "db": 0,
            "id": "MA0043.4",
            "alt": "HLF",
            "len": 9,
            "nsites": 24424,
            "url": "http://jaspar.elixir.no/matrix/MA0043.4",
            "pwm": [
              [0.0120788, 0.0099092, 0.00606121, 0.971951], 
              [0.00663378, 0.00393222, 0.0366451, 0.952789], 
              [0.931294, 0.00511922, 0.055029, 0.00855778], 
              [0.00806678, 0.063381, 0.0103602, 0.918192], 
              [0.0990014, 0.00458722, 0.888673, 0.00773878], 
              [0.0151087, 0.704346, 0.0081492, 0.272396], 
              [0.989024, 0.00499622, 0.00196623, 0.00401279], 
              [0.984889, 0.00274423, 0.0077392, 0.00462779], 
              [0.0572806, 0.541966, 0.135114, 0.26564]
            ]
          }, {
            "db": 0,
            "id": "MA0079.5",
            "alt": "SP1",
            "len": 9,
            "nsites": 1000,
            "url": "http://jaspar.elixir.no/matrix/MA0079.5",
            "pwm": [
              [0.00107469, 0.00108509, 0.950357, 0.0474831], 
              [0.00107469, 0.00108509, 0.996766, 0.00107469], 
              [0.00107469, 0.00108509, 0.996766, 0.00107469], 
              [0.00107469, 0.00108509, 0.996766, 0.00107469], 
              [0.266871, 0.730969, 0.00108509, 0.00107469], 
              [0.00107469, 0.00108509, 0.996766, 0.00107469], 
              [0.00107469, 0.0854647, 0.912386, 0.00107469], 
              [0.254213, 0.051713, 0.659247, 0.0348263], 
              [0.161396, 0.00108509, 0.836445, 0.00107469]
            ]
          }, {
            "db": 0,
            "id": "MA0088.3",
            "alt": "ZNF143",
            "len": 23,
            "nsites": 889,
            "url": "http://jaspar.elixir.no/matrix/MA0088.3",
            "pwm": [
              [0.0798783, 0.735609, 0.0382747, 0.146238], 
              [0.36556, 0.0652686, 0.455551, 0.11362], 
              [0.320571, 0.185615, 0.359948, 0.133865], 
              [0.245214, 0.0337762, 0.401564, 0.319446], 
              [0.0315147, 0.0225284, 0.924564, 0.0213919], 
              [0.103498, 0.656878, 0.18674, 0.0528843], 
              [0.492655, 0.375695, 0.0337762, 0.0978743], 
              [0.0225167, 0.20586, 0.0427742, 0.728849], 
              [0.0371381, 0.192363, 0.366697, 0.403802], 
              [0.114745, 0.722113, 0.0787651, 0.0843768], 
              [0.00452076, 0.139501, 0.00228371, 0.853694], 
              [0.00789538, 3.39669e-05, 0.992048, 2.22697e-05], 
              [0.00114714, 0.00228371, 0.996547, 2.22697e-05], 
              [0.0315147, 0.00228371, 0.954933, 0.01127], 
              [0.897559, 0.0146553, 0.0393995, 0.0483858], 
              [0.464537, 0.112507, 0.305962, 0.116994], 
              [0.334068, 0.070892, 0.0787651, 0.516274], 
              [0.0191431, 0.0810149, 0.0337762, 0.866067], 
              [0.0135188, 0.00228371, 0.977427, 0.00677051], 
              [0.0393878, 0.0202787, 0.0405244, 0.899809], 
              [0.953796, 0.00565733, 0.0360259, 0.00452076], 
              [0.00564564, 0.00903195, 0.98305, 0.00227202], 
              [0.0101451, 0.00678221, 0.0191548, 0.963918]
            ]
          }, {
            "db": 0,
            "id": "MA0102.5",
            "alt": "CEBPA",
            "len": 10,
            "nsites": 79003,
            "url": "http://jaspar.elixir.no/matrix/MA0102.5",
            "pwm": [
              [0.688251, 0.0921993, 0.161665, 0.0578842], 
              [0.0110002, 0.0104554, 0.00913937, 0.969405], 
              [0.0126832, 0.00356938, 0.0299363, 0.953811], 
              [0.117109, 0.0118484, 0.732718, 0.138324], 
              [0.0145312, 0.9509, 0.00858237, 0.0259862], 
              [0.789956, 0.0447453, 0.0854523, 0.0798451], 
              [0.0771492, 0.778931, 0.0200374, 0.123881], 
              [0.910294, 0.0715803, 0.00430438, 0.0138222], 
              [0.95157, 0.0130884, 0.0174804, 0.0178602], 
              [0.0570362, 0.204967, 0.0925533, 0.645443]
            ]
          }, {
            "db": 0,
            "id": "MA0139.2",
            "alt": "CTCF",
            "len": 15,
            "nsites": 913,
            "url": "http://jaspar.elixir.no/matrix/MA0139.2",
            "pwm": [
              [0.307765, 0.0536962, 0.491764, 0.146775], 
              [0.061351, 0.876169, 0.0230316, 0.0394474], 
              [0.00878272, 0.988972, 3.30741e-05, 0.00221244], 
              [0.814828, 0.0142705, 0.0712193, 0.0996818], 
              [0.0438289, 0.578283, 0.36582, 0.0120684], 
              [0.117334, 0.474762, 0.0526593, 0.355246], 
              [0.933033, 0.0120928, 0.0351172, 0.0197565], 
              [0.00550908, 3.30741e-05, 0.991143, 0.00331432], 
              [0.365514, 0.00332571, 0.62126, 0.0098996], 
              [0.0592912, 0.0132036, 0.55321, 0.374295], 
              [0.0132072, 3.30741e-05, 0.977948, 0.00881172], 
              [0.0615529, 0.00882311, 0.851588, 0.0780351], 
              [0.11442, 0.806326, 0.00553347, 0.0737206], 
              [0.409218, 0.0143325, 0.557728, 0.0187216], 
              [0.0903198, 0.530812, 0.338102, 0.0407662]
            ]
          }, {
            "db": 0,
            "id": "MA0144.3",
            "alt": "STAT3",
            "len": 9,
            "nsites": 21620,
            "url": "http://jaspar.elixir.no/matrix/MA0144.3",
            "pwm": [
              [0.0327478, 1.39685e-06, 1.39685e-06, 0.967249], 
              [0.0115639, 0.0160053, 0.270583, 0.701848], 
              [0.0465317, 0.905871, 1.39685e-06, 0.0475957], 
              [0.0388537, 0.359852, 1.39685e-06, 0.601293], 
              [0.170768, 1.39685e-06, 0.529879, 0.299352], 
              [0.0728036, 1.39685e-06, 0.927194, 9.15816e-07], 
              [0.117114, 1.39685e-06, 0.864289, 0.0185948], 
              [0.999996, 1.39685e-06, 1.39685e-06, 9.15816e-07], 
              [0.999996, 1.39685e-06, 1.39685e-06, 9.15816e-07]
            ]
          }, {
            "db": 0,
            "id": "MA0149.1",
            "alt": "EWSR1-FLI1",
            "len": 18,
            "nsites": 105,
            "url": "http://jaspar.elixir.no/matrix/MA0149.1",
            "pwm": [
              [0.000188392, 0.000287345, 0.999336, 0.000188392], 
              [0.0192183, 0.000287345, 0.980306, 0.000188392], 
              [0.989722, 0.000287345, 0.00980228, 0.000188392], 
              [0.989722, 0.000287345, 0.00980228, 0.000188392], 
              [0.00970333, 0.000287345, 0.989821, 0.000188392], 
              [0.0192183, 0.000287345, 0.970792, 0.00970333], 
              [0.980207, 0.000287345, 0.0193172, 0.000188392], 
              [0.970693, 0.000287345, 0.0288312, 0.000188392], 
              [0.000188392, 0.000287345, 0.989821, 0.00970333], 
              [0.000188392, 0.0193172, 0.980306, 0.000188392], 
              [0.942148, 0.0383461, 0.0193172, 0.000188392], 
              [0.999237, 0.000287345, 0.000287345, 0.000188392], 
              [0.000188392, 0.000287345, 0.999336, 0.000188392], 
              [0.000188392, 0.0193172, 0.980306, 0.000188392], 
              [0.951663, 0.0288312, 0.000287345, 0.0192183], 
              [0.970693, 0.000287345, 0.0193172, 0.00970333], 
              [0.0477621, 0.000287345, 0.923218, 0.0287322], 
              [0.0287322, 0.0288312, 0.923218, 0.0192183]
            ]
          }, {
            "db": 0,
            "id": "MA0162.5",
            "alt": "EGR1",
            "len": 10,
            "nsites": 30598,
            "url": "http://jaspar.elixir.no/matrix/MA0162.5",
            "pwm": [
              [0.474148, 0.336721, 0.125957, 0.0631744], 
              [0.0209826, 0.928261, 0.0247079, 0.0260476], 
              [0.167004, 0.0369639, 0.726746, 0.0692864], 
              [0.00741962, 0.958819, 0.0217339, 0.0120276], 
              [0.0470625, 0.892899, 0.0475528, 0.0124846], 
              [0.0102626, 0.9464, 0.0228129, 0.0205246], 
              [0.728706, 0.177136, 0.0693518, 0.0248066], 
              [0.00500063, 0.964342, 0.0228459, 0.00781162], 
              [0.153474, 0.0917057, 0.671415, 0.0834044], 
              [0.0316695, 0.823451, 0.0704958, 0.0743844]
            ]
          }, {
            "db": 0,
            "id": "MA0163.1",
            "alt": "PLAG1",
            "len": 14,
            "nsites": 18,
            "url": "http://jaspar.elixir.no/matrix/MA0163.1",
            "pwm": [
              [0.00109392, 0.00166851, 0.996144, 0.00109392], 
              [0.16684, 0.00166851, 0.775149, 0.056343], 
              [0.00109392, 0.00166851, 0.996144, 0.00109392], 
              [0.00109392, 0.00166851, 0.940895, 0.056343], 
              [0.00109392, 0.775149, 0.222663, 0.00109392], 
              [0.00109392, 0.830397, 0.0569176, 0.111591], 
              [0.222088, 0.554155, 0.0569176, 0.16684], 
              [0.664078, 0.00166851, 0.00166851, 0.332585], 
              [0.608829, 0.277912, 0.112166, 0.00109392], 
              [0.111591, 0.00166851, 0.775149, 0.111591], 
              [0.00109392, 0.00166851, 0.996144, 0.00109392], 
              [0.00109392, 0.00166851, 0.996144, 0.00109392], 
              [0.00109392, 0.00166851, 0.885647, 0.111591], 
              [0.111591, 0.00166851, 0.885647, 0.00109392]
            ]
          }, {
            "db": 0,
            "id": "MA0488.2",
            "alt": "JUN",
            "len": 10,
            "nsites": 20968,
            "url": "http://jaspar.elixir.no/matrix/MA0488.2",
            "pwm": [
              [0.78815, 0.0347683, 0.17708, 9.44293e-07], 
              [9.44293e-07, 1.44028e-06, 1.44028e-06, 0.999996], 
              [9.44293e-07, 1.44028e-06, 0.994322, 0.00567592], 
              [0.999948, 1.44028e-06, 1.44028e-06, 4.89441e-05], 
              [9.44293e-07, 0.163965, 0.215185, 0.620849], 
              [9.44293e-07, 0.0289983, 0.971, 9.44293e-07], 
              [0.0447357, 0.1684, 1.44028e-06, 0.786863], 
              [0.329263, 0.670734, 1.44028e-06, 9.44293e-07], 
              [0.999996, 1.44028e-06, 1.44028e-06, 9.44293e-07], 
              [0.0096819, 0.176651, 0.0484562, 0.765211]
            ]
          }, {
            "db": 0,
            "id": "MA0493.3",
            "alt": "KLF1",
            "len": 8,
            "nsites": 1001,
            "url": "http://jaspar.elixir.no/matrix/MA0493.3",
            "pwm": [
              [0.00101868, 0.00102907, 0.996934, 0.00101868], 
              [0.00101868, 0.00102907, 0.996934, 0.00101868], 
              [0.00101868, 0.00102907, 0.996934, 0.00101868], 
              [0.124882, 0.528449, 0.00102907, 0.345639], 
              [0.00101868, 0.00102907, 0.996934, 0.00101868], 
              [0.00101868, 0.00102907, 0.674289, 0.323663], 
              [0.0820116, 0.00103007, 0.895941, 0.0210177], 
              [0.00101868, 0.00102907, 0.996934, 0.00101868]
            ]
          }, {
            "db": 0,
            "id": "MA0500.3",
            "alt": "MYOG",
            "len": 8,
            "nsites": 22357,
            "url": "http://jaspar.elixir.no/matrix/MA0500.3",
            "pwm": [
              [0.320212, 0.12211, 0.482622, 0.0750555], 
              [0.00384787, 0.983492, 0.00451933, 0.00814185], 
              [0.974278, 0.00787332, 0.0105573, 0.00729185], 
              [0.00424987, 0.00581632, 0.982374, 0.00755985], 
              [0.00747085, 0.982419, 0.00586032, 0.00424987], 
              [0.00729185, 0.0106463, 0.00800731, 0.974054], 
              [0.00814185, 0.00456333, 0.983358, 0.00393687], 
              [0.0745636, 0.482711, 0.121037, 0.321688]
            ]
          }, {
            "db": 0,
            "id": "MA0516.3",
            "alt": "SP2",
            "len": 9,
            "nsites": 1000,
            "url": "http://jaspar.elixir.no/matrix/MA0516.3",
            "pwm": [
              [0.15323, 0.000763124, 0.766083, 0.0799238], 
              [0.167892, 0.000763124, 0.830592, 0.000752725], 
              [0.000752725, 0.000763124, 0.997731, 0.000752725], 
              [0.000752725, 0.000763124, 0.997731, 0.000752725], 
              [0.112179, 0.886306, 0.000763124, 0.000752725], 
              [0.000752725, 0.000763124, 0.997731, 0.000752725], 
              [0.000752725, 0.000763124, 0.974273, 0.0242114], 
              [0.120976, 0.000763124, 0.877508, 0.000752725], 
              [0.206011, 0.16497, 0.610673, 0.018346]
            ]
          }, {
            "db": 0,
            "id": "MA0599.1",
            "alt": "KLF5",
            "len": 10,
            "nsites": 13611,
            "url": "http://jaspar.elixir.no/matrix/MA0599.1",
            "pwm": [
              [0.10499, 0.148631, 0.556313, 0.190067], 
              [1.4547e-06, 0.874289, 2.21878e-06, 0.125708], 
              [1.4547e-06, 0.882224, 2.21878e-06, 0.117773], 
              [0.255455, 0.703031, 2.21878e-06, 0.0415121], 
              [1.4547e-06, 0.999995, 2.21878e-06, 1.4547e-06], 
              [0.371096, 2.21878e-06, 0.38072, 0.248182], 
              [1.4547e-06, 0.999995, 2.21878e-06, 1.4547e-06], 
              [1.4547e-06, 0.999995, 2.21878e-06, 1.4547e-06], 
              [1.4547e-06, 0.965023, 2.21878e-06, 0.0349732], 
              [0.287634, 0.411064, 2.21878e-06, 0.301299]
            ]
          }, {
            "db": 0,
            "id": "MA0639.2",
            "alt": "DBP",
            "len": 10,
            "nsites": 8322,
            "url": "http://jaspar.elixir.no/matrix/MA0639.2",
            "pwm": [
              [0.445323, 0.135787, 0.407713, 0.0111772], 
              [0.000705371, 0.000566622, 0.000284626, 0.998443], 
              [0.000521373, 0.00078162, 0.0780627, 0.920634], 
              [0.933956, 3.62889e-06, 0.0655118, 0.000528373], 
              [0.000206377, 0.725447, 0.0021496, 0.272197], 
              [0.308797, 0.00165461, 0.689449, 9.9378e-05], 
              [0.000394375, 0.0707128, 0.000918618, 0.927974], 
              [0.959321, 0.0389172, 0.000949618, 0.000813369], 
              [0.999286, 0.000144627, 0.000284626, 0.000283376], 
              [0.0179552, 0.421201, 0.175323, 0.385522]
            ]
          }, {
            "db": 0,
            "id": "MA0685.2",
            "alt": "SP4",
            "len": 9,
            "nsites": 999,
            "url": "http://jaspar.elixir.no/matrix/MA0685.2",
            "pwm": [
              [0.149043, 0.000717158, 0.654498, 0.195742], 
              [0.000706749, 0.000717158, 0.99787, 0.000706749], 
              [0.000706749, 0.000717158, 0.99787, 0.000706749], 
              [0.000706749, 0.000717158, 0.99787, 0.000706749], 
              [0.275404, 0.723172, 0.000717158, 0.000706749], 
              [0.000706749, 0.000717158, 0.99787, 0.000706749], 
              [0.000706749, 0.000717158, 0.920954, 0.077622], 
              [0.289139, 0.000717158, 0.659992, 0.0501518], 
              [0.000706749, 0.000717158, 0.99787, 0.000706749]
            ]
          }, {
            "db": 0,
            "id": "MA0740.2",
            "alt": "KLF14",
            "len": 9,
            "nsites": 999,
            "url": "http://jaspar.elixir.no/matrix/MA0740.2",
            "pwm": [
              [0.0311747, 0.000666164, 0.619493, 0.348666], 
              [0.000655754, 0.000666164, 0.998022, 0.000655754], 
              [0.000655754, 0.000666164, 0.998022, 0.000655754], 
              [0.000655754, 0.000666164, 0.998022, 0.000655754], 
              [0.0949153, 0.814341, 0.000666164, 0.0900778], 
              [0.000655754, 0.000666164, 0.998022, 0.000655754], 
              [0.000655754, 0.000666164, 0.717856, 0.280822], 
              [0.107714, 0.000666164, 0.890964, 0.000655754], 
              [0.198614, 0.062112, 0.738618, 0.000655754]
            ]
          }, {
            "db": 0,
            "id": "MA0741.1",
            "alt": "KLF16",
            "len": 11,
            "nsites": 3053,
            "url": "http://jaspar.elixir.no/matrix/MA0741.1",
            "pwm": [
              [0.218145, 0.175241, 0.527998, 0.0786149], 
              [0.33296, 0.595703, 0.028464, 0.0428731], 
              [0.0359473, 0.934472, 0.00348778, 0.0260926], 
              [0.699923, 0.280585, 0.0194863, 6.48522e-06], 
              [0.0385112, 0.940469, 0.00992757, 0.0110911], 
              [0.185102, 0.0644398, 0.600362, 0.150095], 
              [0.00494432, 0.995039, 9.89158e-06, 6.48522e-06], 
              [0.00123944, 0.993812, 0.00494173, 6.48522e-06], 
              [0.00926518, 0.932849, 0.00174583, 0.0561386], 
              [0.261518, 0.703159, 0.0113795, 0.0239437], 
              [0.015715, 0.791344, 0.0113005, 0.181641]
            ]
          }, {
            "db": 0,
            "id": "MA0742.2",
            "alt": "KLF12",
            "len": 9,
            "nsites": 999,
            "url": "http://jaspar.elixir.no/matrix/MA0742.2",
            "pwm": [
              [0.101958, 0.000679162, 0.709699, 0.187663], 
              [0.0863752, 0.000679162, 0.912277, 0.000668753], 
              [0.000668753, 0.000679162, 0.997982, 0.000668753], 
              [0.000668753, 0.000679162, 0.997982, 0.000668753], 
              [0.0474181, 0.951234, 0.000679162, 0.000668753], 
              [0.000668753, 0.000679162, 0.997982, 0.000668753], 
              [0.00586323, 0.0785934, 0.725283, 0.190261], 
              [0.068195, 0.000679162, 0.930456, 0.000668753], 
              [0.000668753, 0.000679162, 0.969414, 0.0292379]
            ]
          }, {
            "db": 0,
            "id": "MA0746.3",
            "alt": "SP3",
            "len": 11,
            "nsites": 7543,
            "url": "http://jaspar.elixir.no/matrix/MA0746.3",
            "pwm": [
              [0.284501, 0.0703991, 0.589284, 0.0558149], 
              [0.0848465, 0.842186, 0.0288816, 0.044086], 
              [0.0228363, 0.940623, 0.0077109, 0.0288302], 
              [0.795419, 0.202605, 0.000307, 0.0016686], 
              [0.000910613, 0.997267, 4.00365e-06, 0.0018186], 
              [0.0615098, 4.00365e-06, 0.871817, 0.0666687], 
              [2.62492e-06, 0.999991, 4.00365e-06, 2.62492e-06], 
              [2.62492e-06, 0.998627, 4.00365e-06, 0.00136661], 
              [0.000275621, 0.901264, 0.000277, 0.0981823], 
              [0.477645, 0.440048, 0.00543493, 0.0768716], 
              [0.0746926, 0.68726, 0.0399015, 0.198146]
            ]
          }, {
            "db": 0,
            "id": "MA0753.3",
            "alt": "ZNF740",
            "len": 10,
            "nsites": 1201,
            "url": "http://jaspar.elixir.no/matrix/MA0753.3",
            "pwm": [
              [0.0499703, 0.878387, 0.0308306, 0.0408121], 
              [0.0932287, 0.894019, 0.0118882, 0.000863414], 
              [0.0164831, 0.965178, 0.00368484, 0.0146543], 
              [0.0200328, 0.959909, 0.00639361, 0.0136643], 
              [0.0210767, 0.966062, 0.00277191, 0.0100886], 
              [0.00929171, 0.978608, 0.0065186, 0.00558202], 
              [0.00189733, 0.992417, 0.00284691, 0.00283825], 
              [0.0974664, 0.894019, 0.00510972, 0.0034062], 
              [0.705172, 0.159771, 0.0454764, 0.089581], 
              [0.132527, 0.675385, 0.0345933, 0.157493]
            ]
          }, {
            "db": 0,
            "id": "MA0757.2",
            "alt": "ONECUT3",
            "len": 12,
            "nsites": 6080,
            "url": "http://jaspar.elixir.no/matrix/MA0757.2",
            "pwm": [
              [0.633381, 0.0623399, 0.187666, 0.116613], 
              [0.786536, 0.0354504, 0.0644279, 0.113584], 
              [0.801466, 0.0228096, 0.0147687, 0.160955], 
              [0.970613, 0.00447489, 0.0162887, 0.00862411], 
              [0.990699, 0.000819954, 0.00668586, 0.00179523], 
              [0.00514017, 0.0165407, 0.00225293, 0.976067], 
              [0.00376719, 0.994916, 0.000495959, 0.000821243], 
              [0.646368, 0.00327791, 0.348551, 0.00180323], 
              [0.993938, 0.000985951, 0.00147594, 0.0036002], 
              [0.00701114, 0.000982951, 0.00114595, 0.990861], 
              [0.905154, 0.0156367, 0.0278445, 0.0513644], 
              [0.595388, 0.141615, 0.0685898, 0.194408]
            ]
          }, {
            "db": 0,
            "id": "MA0843.2",
            "alt": "TEF",
            "len": 10,
            "nsites": 3981,
            "url": "http://jaspar.elixir.no/matrix/MA0843.2",
            "pwm": [
              [0.495095, 0.0934492, 0.409442, 0.00201492], 
              [0.0242374, 0.00485446, 0.00135355, 0.969556], 
              [0.0286213, 7.58584e-06, 0.00829838, 0.963073], 
              [0.970863, 7.58584e-06, 0.0291249, 4.97351e-06], 
              [0.00418787, 0.886058, 7.58584e-06, 0.109746], 
              [0.367672, 7.58584e-06, 0.632316, 4.97351e-06], 
              [4.97351e-06, 0.0352197, 0.0113923, 0.953383], 
              [0.935549, 0.0197521, 0.00286551, 0.0418329], 
              [0.991991, 7.58584e-06, 0.00524145, 0.0027599], 
              [4.97351e-06, 0.547798, 0.0695148, 0.382682]
            ]
          }, {
            "db": 0,
            "id": "MA1100.3",
            "alt": "ASCL1",
            "len": 8,
            "nsites": 5288,
            "url": "http://jaspar.elixir.no/matrix/MA1100.3",
            "pwm": [
              [0.252268, 0.0985288, 0.582257, 0.0669465], 
