<!DOCTYPE HTML>
<html>
  <head>
    <meta charset="UTF-8">
    <title>Tomtom Results</title>
    <script>
      // @JSON_VAR data
      var data = {
        "program": "Tomtom",
        "version": "5.4.1",
        "release": "Sat Aug 21 19:23:23 2021 -0700",
        "cmd": [
          "tomtom", "-verbosity", "1", "-oc",
          "/ocean/projects/bio230007p/sujathab/Motif_analysis/output/meme_chip_human_promoter/streme_tomtom_out",
          "-min-overlap", "5", "-dist", "pearson", "-evalue", "-thresh", "1",
          "-no-ssc",
          "/ocean/projects/bio230007p/sujathab/Motif_analysis/output/meme_chip_human_promoter/streme_out/streme.xml",
          "/ocean/projects/bio230007p/sujathab/motif_dbs/JASPAR2026_vertebrates_combined.meme"
        ],
        "options": {
          "strands": "both",
          "distance_measure": "pearson",
          "threshold_type": "evalue",
          "threshold_value": 1,
          "background_source": "--query--"
        },
        "alphabet": {
          "name": "DNA",
          "like": "dna",
          "ncore": 4,
          "symbols": [
            {
              "symbol": "A",
              "name": "Adenine",
              "colour": "CC0000",
              "complement": "T"
            }, {
              "symbol": "C",
              "name": "Cytosine",
              "colour": "0000CC",
              "complement": "G"
            }, {
              "symbol": "G",
              "name": "Guanine",
              "colour": "FFB300",
              "complement": "C"
            }, {
              "symbol": "T",
              "aliases": "U",
              "name": "Thymine",
              "colour": "008000",
              "complement": "A"
            }, {
              "symbol": "N",
              "aliases": "X.",
              "name": "Any base",
              "equals": "ACGT"
            }, {
              "symbol": "V",
              "name": "Not T",
              "equals": "ACG"
            }, {
              "symbol": "H",
              "name": "Not G",
              "equals": "ACT"
            }, {
              "symbol": "D",
              "name": "Not C",
              "equals": "AGT"
            }, {
              "symbol": "B",
              "name": "Not A",
              "equals": "CGT"
            }, {
              "symbol": "M",
              "name": "Amino",
              "equals": "AC"
            }, {
              "symbol": "R",
              "name": "Purine",
              "equals": "AG"
            }, {
              "symbol": "W",
              "name": "Weak",
              "equals": "AT"
            }, {
              "symbol": "S",
              "name": "Strong",
              "equals": "CG"
            }, {
              "symbol": "Y",
              "name": "Pyrimidine",
              "equals": "CT"
            }, {
              "symbol": "K",
              "name": "Keto",
              "equals": "GT"
            }
          ]
        },
        "background": [0.25, 0.25, 0.25, 0.25],
        "query_dbs": [
          {
            "source": "/ocean/projects/bio230007p/sujathab/Motif_analysis/output/meme_chip_human_promoter/streme_out/streme.xml",
            "name": "streme.xml",
            "loaded": 29,
            "excluded": 0,
            "last_modified": "Thu Apr  9 06:43:37 2026"
          }
        ],
        "target_dbs": [
          {
            "source": "/ocean/projects/bio230007p/sujathab/motif_dbs/JASPAR2026_vertebrates_combined.meme",
            "name": "JASPAR2026_vertebrates_combined",
            "loaded": 1019,
            "excluded": 0,
            "last_modified": "Tue Apr  7 23:54:07 2026"
          }
        ],
        "queries": [
          {
            "db": 0,
            "id": "1-GGGGGCGGGGCSDG",
            "alt": "STREME-1",
            "len": 14,
            "nsites": 1706,
            "evalue": "2.6e-014",
            "pwm": [
              [0.232465, 0.190205, 0.492544, 0.084786], 
              [0.0742343, 0.00458545, 0.813098, 0.108082], 
              [0.0427429, 0.0405915, 0.91663, 3.55005e-05], 
              [3.55005e-05, 4.83513e-05, 0.999881, 3.55005e-05], 
              [0.0147165, 4.83513e-05, 0.9852, 3.55005e-05], 
              [0.0437567, 0.800693, 4.83513e-05, 0.155503], 
              [0.0024303, 4.83513e-05, 0.995973, 0.00154781], 
              [0.00488626, 0.0028296, 0.943248, 0.0490354], 
              [0.0964459, 0.00500829, 0.888367, 0.0101794], 
              [0.0581491, 0.0120188, 0.922364, 0.00746889], 
              [0.0833049, 0.685011, 0.133007, 0.0986778], 
              [0.0444424, 0.472545, 0.314202, 0.16881], 
              [0.22571, 0.0866798, 0.438282, 0.249327], 
              [0.177735, 0.129305, 0.651318, 0.0416421]
            ]
          }, {
            "db": 0,
            "id": "10-AGGTGAC",
            "alt": "STREME-10",
            "len": 7,
            "nsites": 1172,
            "evalue": "4.9e-003",
            "pwm": [
              [0.846982, 0.0304975, 0.0649898, 0.0575303], 
              [0.0657449, 0.152619, 0.639888, 0.141748], 
              [0.0201902, 0.000804015, 0.976346, 0.00266024], 
              [0.000505536, 0.0409108, 0.000804015, 0.95778], 
              [0.061245, 0.136992, 0.788529, 0.013234], 
              [0.997886, 0.000804015, 0.000804015, 0.000505536], 
              [0.000505536, 0.98801, 0.000804015, 0.0106806]
            ]
          }, {
            "db": 0,
            "id": "11-CGCCATGGC",
            "alt": "STREME-11",
            "len": 9,
            "nsites": 265,
            "evalue": "5.4e-003",
            "pwm": [
              [0.0770489, 0.847143, 0.015, 0.0608089], 
              [0.0398463, 0.00067617, 0.891403, 0.0680744], 
              [0.10148, 0.895852, 0.00067617, 0.00199162], 
              [0.000454274, 0.978931, 0.00067617, 0.0199388], 
              [0.998194, 0.00067617, 0.00067617, 0.000454274], 
              [0.000454274, 0.00067617, 0.00067617, 0.998194], 
              [0.123411, 0.0225305, 0.826743, 0.0273158], 
              [0.0694823, 0.00067617, 0.892151, 0.0376909], 
              [0.07376, 0.745951, 0.00067617, 0.179614]
            ]
          }, {
            "db": 0,
            "id": "12-CCCAGCCTC",
            "alt": "STREME-12",
            "len": 9,
            "nsites": 2279,
            "evalue": "5.9e-003",
            "pwm": [
              [0.00197674, 0.964325, 0.00505343, 0.0286449], 
              [0.0133236, 0.713259, 0.0375426, 0.235876], 
              [0.0151268, 0.959043, 0.0228695, 0.00296077], 
              [0.824567, 0.166951, 0.000213113, 0.00826874], 
              [0.0891324, 0.125085, 0.709207, 0.0765757], 
              [0.0166872, 0.90839, 0.0624285, 0.012494], 
              [0.0110235, 0.837284, 0.132233, 0.0194592], 
              [0.0671667, 0.2085, 0.000213113, 0.72412], 
              [0.0514444, 0.851908, 0.00812745, 0.0885208]
            ]
          }, {
            "db": 0,
            "id": "13-YGCGCATGCGCR",
            "alt": "STREME-13",
            "len": 12,
            "nsites": 291,
            "evalue": "8.0e-003",
            "pwm": [
              [0.046974, 0.321276, 0.158742, 0.473008], 
              [0.131236, 0.00436611, 0.8642, 0.000198852], 
              [0.0235881, 0.971847, 0.00231729, 0.00224766], 
              [0.0133427, 0.00026849, 0.98619, 0.000198852], 
              [0.000198852, 0.992337, 0.00026849, 0.00719557], 
              [0.619835, 0.190736, 0.138809, 0.0506192], 
              [0.0506192, 0.138809, 0.190736, 0.619835], 
              [0.00719557, 0.00026849, 0.992337, 0.000198852], 
              [0.000198852, 0.98619, 0.00026849, 0.0133427], 
              [0.00224766, 0.00231729, 0.971847, 0.0235881], 
              [0.000198852, 0.8642, 0.00436611, 0.131236], 
              [0.473008, 0.158742, 0.321276, 0.046974]
            ]
          }, {
            "db": 0,
            "id": "14-CAGCAGCAGCAGCAGCAGS",
            "alt": "STREME-14",
            "len": 19,
            "nsites": 169,
            "evalue": "1.5e-002",
            "pwm": [
              [0.0243749, 0.842559, 0.126737, 0.00632897], 
              [0.884564, 0.0365077, 0.0485386, 0.0303901], 
              [0.0484361, 0.126737, 0.806468, 0.0183596], 
              [0.0484361, 0.806468, 0.0545535, 0.0905432], 
              [0.842456, 0.0485383, 0.0786147, 0.0303901], 
              [0.00632897, 0.000415912, 0.992941, 0.000313682], 
              [0.000313682, 0.944819, 0.0365077, 0.0183596], 
              [0.680044, 0.114706, 0.0304924, 0.174758], 
              [0.0303901, 0.120721, 0.824513, 0.0243749], 
              [0.0604666, 0.830528, 0.0545535, 0.0544513], 
              [0.60786, 0.0786147, 0.192906, 0.12062], 
              [0.0905432, 0.132752, 0.722254, 0.0544513], 
              [0.0724972, 0.758345, 0.114706, 0.0544513], 
              [0.764258, 0.0605689, 0.0906453, 0.0845278], 
              [0.0364055, 0.144783, 0.728268, 0.0905432], 
              [0.0364055, 0.800451, 0.150799, 0.0123442], 
              [0.649967, 0.168844, 0.0966606, 0.0845278], 
              [0.102573, 0.0665845, 0.782406, 0.0484361], 
              [0.0484361, 0.475626, 0.397426, 0.0785125]
            ]
          }, {
            "db": 0,
            "id": "15-AGGTGAGTG",
            "alt": "STREME-15",
            "len": 9,
            "nsites": 364,
            "evalue": "1.5e-002",
            "pwm": [
              [0.666356, 0.17528, 0.0944177, 0.0639473], 
              [0.0110713, 0.0143775, 0.971021, 0.00353049], 
              [0.000796284, 0.00446298, 0.97319, 0.0215507], 
              [0.000446326, 0.0178528, 0.000679129, 0.981022], 
              [0.0227347, 0.0254388, 0.949092, 0.00273486], 
              [0.882663, 0.0111691, 0.0697292, 0.0364382], 
              [0.00623385, 0.0169597, 0.9528, 0.0240064], 
              [0.000446326, 0.139132, 0.0585058, 0.801916], 
              [0.0275396, 0.0279468, 0.904251, 0.0402618]
            ]
          }, {
            "db": 0,
            "id": "16-CCCGCCC",
            "alt": "STREME-16",
            "len": 7,
            "nsites": 1100,
            "evalue": "2.2e-002",
            "pwm": [
              [0.0173938, 0.937111, 0.028102, 0.0173938], 
              [0.0173938, 0.937111, 0.028102, 0.0173938], 
              [0.0173938, 0.937111, 0.028102, 0.0173938], 
              [0.0173938, 0.028102, 0.937111, 0.0173938], 
              [0.0173938, 0.937111, 0.028102, 0.0173938], 
              [0.0173938, 0.937111, 0.028102, 0.0173938], 
              [0.0173938, 0.937111, 0.028102, 0.0173938]
            ]
          }, {
            "db": 0,
            "id": "17-AGGAGGAGGAGGAGG",
            "alt": "STREME-17",
            "len": 15,
            "nsites": 301,
            "evalue": "2.3e-002",
            "pwm": [
              [0.864936, 0.000262684, 0.134607, 0.000194172], 
              [0.0969472, 0.0768582, 0.784014, 0.0421809], 
              [0.0542747, 0.0325134, 0.913018, 0.000194172], 
              [0.812848, 0.000262684, 0.132614, 0.0542745], 
              [0.0284136, 0.121203, 0.817939, 0.0324448], 
              [0.0243825, 0.0624057, 0.913018, 0.000194172], 
              [0.885415, 0.0123567, 0.102034, 0.000194172], 
              [0.0179928, 0.149422, 0.832391, 0.000194172], 
              [0.117179, 0.0325134, 0.846082, 0.0042255], 
              [0.715288, 0.0403969, 0.227995, 0.0163195], 
              [0.0962614, 0.0180613, 0.877421, 0.00825683], 
              [0.140606, 0.0849208, 0.774279, 0.000194172], 
              [0.755602, 0.194576, 0.0496267, 0.000194172], 
              [0.240362, 0.0664374, 0.67285, 0.0203508], 
              [0.125382, 0.117879, 0.744451, 0.0122882]
            ]
          }, {
            "db": 0,
            "id": "18-ACACACACACACACACAC",
            "alt": "STREME-18",
            "len": 18,
            "nsites": 177,
            "evalue": "2.6e-002",
            "pwm": [
              [0.927372, 0.018329, 0.0361208, 0.0181778], 
              [0.0715518, 0.824923, 0.018329, 0.0851958], 
              [0.891789, 0.000537598, 0.0983906, 0.0092821], 
              [0.000386417, 0.791698, 0.153099, 0.0548172], 
              [0.989642, 0.000537598, 0.00943352, 0.000386417], 
              [0.0448648, 0.639617, 0.0361208, 0.279397], 
              [0.767251, 0.000537598, 0.169555, 0.0626561], 
              [0.0448648, 0.650292, 0.223339, 0.0815042], 
              [0.865102, 0.000537598, 0.133973, 0.000386417], 
              [0.107135, 0.766344, 0.000537598, 0.125983], 
              [0.811729, 0.018329, 0.169555, 0.000386417], 
              [0.000386417, 0.643077, 0.0806007, 0.275936], 
              [0.918475, 0.00943327, 0.000537598, 0.0715538], 
              [0.000386417, 0.766345, 0.0628074, 0.170461], 
              [0.820625, 0.0361203, 0.0805987, 0.0626564], 
              [0.0893432, 0.60632, 0.13045, 0.173887], 
              [0.847312, 0.00943327, 0.0361203, 0.107135], 
              [0.0537605, 0.805452, 0.0148046, 0.125982]
            ]
          }, {
            "db": 0,
            "id": "19-CCCGGGA",
            "alt": "STREME-19",
            "len": 7,
            "nsites": 506,
            "evalue": "2.9e-002",
            "pwm": [
              [0.0174187, 0.937037, 0.0281256, 0.0174187], 
              [0.0174187, 0.937037, 0.0281256, 0.0174187], 
              [0.0174187, 0.937037, 0.0281256, 0.0174187], 
              [0.0174187, 0.0281256, 0.937037, 0.0174187], 
              [0.0174187, 0.0281256, 0.937037, 0.0174187], 
              [0.0174187, 0.0281256, 0.937037, 0.0174187], 
              [0.92633, 0.0281256, 0.0281256, 0.0174187]
            ]
          }, {
            "db": 0,
            "id": "2-RRCCAATSRGMR",
            "alt": "STREME-2",
            "len": 12,
            "nsites": 469,
            "evalue": "4.7e-010",
            "pwm": [
              [0.650761, 0.0119288, 0.337192, 0.000118195], 
              [0.320455, 0.021345, 0.623947, 0.0342524], 
              [0.000118195, 0.999605, 0.000158202, 0.000118195], 
              [0.000118195, 0.997252, 0.000158202, 0.00247226], 
              [0.999565, 0.000158202, 0.000158202, 0.000118195], 
              [0.999565, 0.000158202, 0.000158202, 0.000118195], 
              [0.000118195, 0.000158202, 0.000158202, 0.999565], 
              [0.144748, 0.563067, 0.282649, 0.00953445], 
              [0.577743, 0.0246759, 0.397463, 0.000118195], 
              [0.171221, 0.183971, 0.570737, 0.0740716], 
              [0.54869, 0.284293, 0.0858824, 0.081135], 
              [0.38127, 0.0217985, 0.47215, 0.124782]
            ]
          }, {
            "db": 0,
            "id": "20-CCCCCCCCCCCCCAC",
            "alt": "STREME-20",
            "len": 15,
            "nsites": 44,
            "evalue": "3.1e-002",
            "pwm": [
              [0.109898, 0.805573, 0.028922, 0.055606], 
              [0.00131529, 0.984327, 0.0130424, 0.00131529], 
              [0.00131529, 0.995592, 0.00177662, 0.00131529], 
              [0.00131529, 0.995592, 0.00177662, 0.00131529], 
              [0.00131529, 0.995592, 0.00177662, 0.00131529], 
              [0.00131529, 0.995592, 0.00177662, 0.00131529], 
              [0.00131529, 0.995592, 0.00177662, 0.00131529], 
              [0.00131529, 0.995592, 0.00177662, 0.00131529], 
              [0.00131529, 0.995592, 0.00177662, 0.00131529], 
              [0.00131529, 0.995592, 0.00177662, 0.00131529], 
              [0.00131529, 0.968447, 0.028922, 0.00131529], 
              [0.00131529, 0.968447, 0.028922, 0.00131529], 
              [0.00131529, 0.968447, 0.028922, 0.00131529], 
              [0.669343, 0.00177662, 0.327566, 0.00131529], 
              [0.109899, 0.556008, 0.164664, 0.169428]
            ]
          }, {
            "db": 0,
            "id": "21-AGTTCCAGGACAGCCAGGGC",
            "alt": "STREME-21",
            "len": 20,
            "nsites": 39,
            "evalue": "3.1e-002",
            "pwm": [
              [0.994461, 0.00202213, 0.00202213, 0.00149482], 
              [0.094578, 0.00202213, 0.901905, 0.00149482], 
              [0.00149482, 0.00202213, 0.00202213, 0.994461], 
              [0.00149482, 0.00202213, 0.00202213, 0.994461], 
              [0.0325225, 0.870877, 0.00202213, 0.094578], 
              [0.249717, 0.622655, 0.0640776, 0.0635503], 
              [0.963433, 0.0330499, 0.00202213, 0.00149482], 
              [0.125606, 0.00202213, 0.870877, 0.00149482], 
              [0.00149482, 0.0640776, 0.932933, 0.00149482], 
              [0.684184, 0.281272, 0.0330499, 0.00149482], 
              [0.0325225, 0.870877, 0.00202213, 0.094578], 
              [0.87035, 0.0640776, 0.00202213, 0.0635503], 
              [0.094578, 0.00202213, 0.901905, 0.00149482], 
              [0.00149482, 0.901905, 0.00202213, 0.094578], 
              [0.0325225, 0.96396, 0.00202213, 0.00149482], 
              [0.746239, 0.00202213, 0.0330499, 0.218689], 
              [0.156633, 0.0330499, 0.808822, 0.00149482], 
              [0.0325225, 0.00202213, 0.96396, 0.00149482], 
              [0.125606, 0.0330499, 0.68471, 0.156633], 
              [0.0325225, 0.870877, 0.00202213, 0.094578]
            ]
          }, {
            "db": 0,
            "id": "22-CGCAGACGC",
            "alt": "STREME-22",
            "len": 9,
            "nsites": 34,
            "evalue": "3.1e-002",
            "pwm": [
              [0.0180549, 0.935158, 0.0287326, 0.0180549], 
              [0.0180549, 0.0287326, 0.935158, 0.0180549], 
              [0.0180549, 0.935158, 0.0287326, 0.0180549], 
              [0.92448, 0.0287326, 0.0287326, 0.0180549], 
              [0.0180549, 0.0287326, 0.935158, 0.0180549], 
              [0.92448, 0.0287326, 0.0287326, 0.0180549], 
              [0.0180549, 0.935158, 0.0287326, 0.0180549], 
              [0.0180549, 0.0287326, 0.935158, 0.0180549], 
              [0.0180549, 0.935158, 0.0287326, 0.0180549]
            ]
          }, {
            "db": 0,
            "id": "23-AGGGAGGGAGGGAG",
            "alt": "STREME-23",
            "len": 14,
            "nsites": 213,
            "evalue": "3.7e-002",
            "pwm": [
              [0.875302, 0.00997043, 0.0883807, 0.0263464], 
              [0.0484426, 0.0746203, 0.86223, 0.0147077], 
              [0.0378916, 0.177828, 0.774392, 0.00988853], 
              [0.0436238, 0.0196091, 0.878687, 0.0580805], 
              [0.929168, 0.0654306, 0.00515125, 0.00025018], 
              [0.0532611, 0.0581625, 0.854592, 0.0339844], 
              [0.126908, 0.135274, 0.716292, 0.021527], 
              [0.0532613, 0.0408858, 0.900783, 0.00506935], 
              [0.934436, 0.0601625, 0.00515125, 0.00025018], 
              [0.0725378, 0.0437047, 0.838135, 0.0456229], 
              [0.0758555, 0.204744, 0.699874, 0.0195269], 
              [0.067313, 0.0930778, 0.824901, 0.0147077], 
              [0.829858, 0.0218396, 0.114319, 0.0339844], 
              [0.0927077, 0.0938965, 0.801507, 0.0118886]
            ]
          }, {
            "db": 0,
            "id": "24-CGCCGCCTCC",
            "alt": "STREME-24",
            "len": 10,
            "nsites": 454,
            "evalue": "4.6e-002",
            "pwm": [
              [0.000585766, 0.952827, 0.000912914, 0.0456736], 
              [0.0428447, 0.000912914, 0.955657, 0.000585766], 
              [0.0198355, 0.92459, 0.0424523, 0.0131217], 
              [0.000585766, 0.989212, 0.00961582, 0.000585766], 
              [0.0252205, 0.175246, 0.798947, 0.000585766], 
              [0.00656809, 0.858453, 0.103072, 0.0319067], 
              [0.0101159, 0.963246, 0.024099, 0.00253891], 
              [0.0701725, 0.000912914, 0.0590628, 0.869851], 
              [0.0269371, 0.914597, 0.0485373, 0.00992908], 
              [0.022981, 0.95627, 0.0201626, 0.000585766]
            ]
          }, {
            "db": 0,
            "id": "25-AAAAAAAAAAAAAAABAA",
            "alt": "STREME-25",
            "len": 18,
            "nsites": 232,
            "evalue": "4.6e-002",
            "pwm": [
              [0.829692, 0.005401, 0.0430432, 0.121863], 
              [0.956376, 0.0177067, 0.0155358, 0.0103821], 
              [0.918008, 0.0307375, 0.0307375, 0.020517], 
              [0.774191, 0.0966144, 0.0580015, 0.0711928], 
              [0.819624, 0.0581773, 0.0763452, 0.0458533], 
              [0.82933, 0.0586078, 0.0560743, 0.055988], 
              [0.907873, 0.0763436, 0.0104681, 0.00531475], 
              [0.81159, 0.0611429, 0.0408724, 0.0863948], 
              [0.826795, 0.0814115, 0.0206029, 0.07119], 
              [0.746149, 0.118985, 0.0636751, 0.0711903], 
              [0.900273, 0.0434059, 0.0256702, 0.0306513], 
              [0.71531, 0.0915468, 0.0763439, 0.116798], 
              [0.862267, 0.00540086, 0.0358051, 0.0965266], 
              [0.857199, 0.101681, 0.0155355, 0.025584], 
              [0.852132, 0.00540086, 0.0459395, 0.0965269], 
              [0.172552, 0.272413, 0.357158, 0.197876], 
              [0.83693, 0.10168, 0.000333537, 0.0610561], 
              [0.811942, 0.0683119, 0.0485551, 0.0711914]
            ]
          }, {
            "db": 0,
            "id": "26-GCAGAGCCCAG",
            "alt": "STREME-26",
            "len": 11,
            "nsites": 716,
            "evalue": "4.6e-002",
            "pwm": [
              [0.0334458, 0.0649323, 0.826301, 0.0753212], 
              [0.0558555, 0.936126, 0.000156965, 0.00786132], 
              [0.762917, 0.119424, 0.0549158, 0.0627425], 
              [0.0958115, 0.0855229, 0.815816, 0.00284922], 
              [0.861039, 0.0419778, 0.00142419, 0.0955591], 
              [0.00124707, 0.107679, 0.847477, 0.0435977], 
              [0.0787253, 0.853777, 0.0673876, 0.00011042], 
              [0.101086, 0.846708, 0.0164733, 0.0357323], 
              [0.0455703, 0.728392, 0.12913, 0.0969075], 
              [0.77979, 0.0751746, 0.0959007, 0.0491346], 
              [0.0667087, 0.0262976, 0.842514, 0.0644791]
            ]
          }, {
            "db": 0,
            "id": "27-ATTTATA",
            "alt": "STREME-27",
            "len": 7,
            "nsites": 509,
            "evalue": "2.0e-001",
            "pwm": [
              [0.84168, 0.112933, 0.0243056, 0.0210815], 
              [0.0288211, 0.00115455, 0.0305037, 0.939521], 
              [0.00311462, 0.0634169, 0.0111473, 0.922321], 
              [0.0669813, 0.0302303, 0.0185213, 0.884267], 
              [0.841717, 0.0785012, 0.0792255, 0.000556911], 
              [0.122546, 0.00569316, 0.00163493, 0.870126], 
              [0.860473, 0.0188602, 0.0419196, 0.0787476]
            ]
          }, {
            "db": 0,
            "id": "28-BCTGCAGCC",
            "alt": "STREME-28",
            "len": 9,
            "nsites": 736,
            "evalue": "2.7e-001",
            "pwm": [
              [0.000347143, 0.46742, 0.251131, 0.281102], 
              [0.000347143, 0.971632, 0.0276735, 0.000347143], 
              [0.000347143, 0.000540198, 0.000540198, 0.998572], 
              [0.241077, 0.000540198, 0.758035, 0.000347143], 
              [0.000347143, 0.998765, 0.000540198, 0.000347143], 
              [0.998572, 0.000540198, 0.000540198, 0.000347143], 
              [0.0985582, 0.000540198, 0.80044, 0.100461], 
              [0.0822497, 0.916863, 0.000540198, 0.000347143], 
              [0.110858, 0.72372, 0.028325, 0.137097]
            ]
          }, {
            "db": 0,
            "id": "29-CCATGGCAACCC",
            "alt": "STREME-29",
            "len": 12,
            "nsites": 61,
            "evalue": "3.6e-001",
            "pwm": [
              [0.0377951, 0.90474, 0.0196697, 0.0377951], 
              [0.000917521, 0.830985, 0.0565472, 0.11155], 
              [0.978182, 0.00123089, 0.0196697, 0.000917521], 
              [0.0377961, 0.0934259, 0.0196697, 0.849109], 
              [0.0562349, 0.074986, 0.867861, 0.000917521], 
              [0.0931125, 0.0381085, 0.830984, 0.0377951], 
              [0.0377961, 0.849422, 0.0196697, 0.0931115], 
              [0.812233, 0.0196697, 0.0934248, 0.0746726], 
              [0.959743, 0.0196697, 0.0196697, 0.000917521], 
              [0.000917521, 0.960057, 0.00123089, 0.0377951], 
              [0.0746737, 0.757226, 0.167182, 0.000917521], 
              [0.148431, 0.683471, 0.074986, 0.0931125]
            ]
          }, {
            "db": 0,
            "id": "3-MGGAAGTG",
            "alt": "STREME-3",
            "len": 8,
            "nsites": 1479,
            "evalue": "5.1e-009",
            "pwm": [
              [0.642898, 0.332996, 0.000252947, 0.0238521], 
              [0.000162931, 0.0109427, 0.988731, 0.000162931], 
              [0.000162931, 0.0138707, 0.930429, 0.0555377], 
              [0.999331, 0.000252947, 0.000252947, 0.000162931], 
              [0.905166, 0.00512016, 0.0895508, 0.000162931], 
              [0.189176, 0.000252947, 0.810408, 0.000162931], 
              [0.0516789, 0.000252947, 0.000252947, 0.947815], 
              [0.190133, 0.0220449, 0.709965, 0.0778569]
            ]
          }, {
            "db": 0,
            "id": "4-CCACYAGRKGGCR",
            "alt": "STREME-4",
            "len": 13,
            "nsites": 325,
            "evalue": "7.1e-007",
            "pwm": [
              [0.0578995, 0.865772, 0.0413558, 0.0349729], 
              [0.000164142, 0.999453, 0.000217921, 0.000164142], 
              [0.819954, 0.000217921, 0.110047, 0.0697819], 
              [0.00332855, 0.659085, 0.324765, 0.012822], 
              [0.159704, 0.476532, 0.0255336, 0.338231], 
              [0.9994, 0.000217921, 0.000217921, 0.000164142], 
              [0.00965737, 0.000217921, 0.98996, 0.000164142], 
              [0.435535, 0.000217921, 0.560919, 0.00332855], 
              [0.028644, 0.00971132, 0.593009, 0.368634], 
              [0.00965755, 0.000217921, 0.98996, 0.000164142], 
              [0.0128218, 0.000217921, 0.938016, 0.048944], 
              [0.125341, 0.864783, 0.000217921, 0.00965755], 
              [0.569261, 0.000217921, 0.430358, 0.000164142]
            ]
          }, {
            "db": 0,
            "id": "5-GCCGCCGCCGCCGCCGC",
            "alt": "STREME-5",
            "len": 17,
            "nsites": 510,
            "evalue": "7.3e-007",
            "pwm": [
              [0.0508486, 0.0929563, 0.844766, 0.011429], 
              [0.00463843, 0.918139, 0.0114678, 0.0657544], 
              [0.0612262, 0.900031, 0.000149883, 0.0385937], 
              [0.135933, 0.00920391, 0.823063, 0.0318009], 
              [0.015956, 0.931721, 0.000149883, 0.0521727], 
              [0.0340641, 0.839564, 0.025988, 0.100383], 
              [0.0272745, 0.000149883, 0.972464, 0.000111415], 
              [0.000111415, 0.961148, 0.000149883, 0.0385911], 
              [0.000111415, 0.825716, 0.0418325, 0.13234], 
              [0.186665, 0.000149883, 0.813074, 0.000111415], 
              [0.000111415, 0.931721, 0.000149883, 0.0680174], 
              [0.0521722, 0.883246, 0.000149883, 0.0644319], 
              [0.0616112, 0.000149883, 0.872485, 0.0657537], 
              [0.011429, 0.945303, 0.000149883, 0.0431187], 
              [0.0431182, 0.782032, 0.0282514, 0.146599], 
              [0.153976, 0.128919, 0.610607, 0.106498], 
              [0.0385914, 0.752828, 0.0951706, 0.11341]
            ]
          }, {
            "db": 0,
            "id": "6-AAGATGGCGGCSSB",
            "alt": "STREME-6",
            "len": 14,
            "nsites": 205,
            "evalue": "1.9e-005",
            "pwm": [
              [0.939296, 0.00035966, 0.0600759, 0.000268986], 
              [0.966999, 0.0110303, 0.021701, 0.000268986], 
              [0.16033, 0.220137, 0.608594, 0.0109396], 
              [0.999012, 0.00035966, 0.00035966, 0.000268986], 
              [0.000268986, 0.00035966, 0.00035966, 0.999012], 
              [0.000268986, 0.00035966, 0.999103, 0.000268986], 
              [0.000268986, 0.00035966, 0.988432, 0.0109396], 
              [0.000268986, 0.999103, 0.00035966, 0.000268986], 
              [0.0749636, 0.112402, 0.748341, 0.0642932], 
              [0.122982, 0.0910605, 0.705659, 0.0802989], 
              [0.14966, 0.785687, 0.00035966, 0.0642938], 
              [0.0642935, 0.277798, 0.502915, 0.154993], 
              [0.149659, 0.304476, 0.438889, 0.106976], 
              [0.14966, 0.40154, 0.245787, 0.203013]
            ]
          }, {
            "db": 0,
            "id": "7-ACTACAWYTCCCAGVADGCM",
            "alt": "STREME-7",
            "len": 20,
            "nsites": 150,
            "evalue": "5.9e-005",
            "pwm": [
              [0.983247, 0.00818741, 0.000508753, 0.00805691], 
              [0.0157356, 0.944983, 0.0389033, 0.000378255], 
              [0.000378255, 0.0235447, 0.000508753, 0.975568], 
              [0.883423, 0.038902, 0.00818741, 0.0694874], 
              [0.000378255, 0.96802, 0.0158661, 0.0157356], 
              [0.90646, 0.0235447, 0.0542593, 0.0157356], 
              [0.522528, 0.0465806, 0.100331, 0.33056], 
              [0.176989, 0.292298, 0.0772952, 0.453418], 
              [0.0771647, 0.0312234, 0.000508753, 0.891104], 
              [0.000378255, 0.960341, 0.00818741, 0.0310928], 
              [0.000378255, 0.991056, 0.000508753, 0.00805691], 
              [0.000378255, 0.975699, 0.000508753, 0.0234143], 
              [0.837352, 0.00818741, 0.138724, 0.0157356], 
              [0.146272, 0.0465806, 0.737661, 0.0694861], 
              [0.376633, 0.346049, 0.238547, 0.0387715], 
              [0.768245, 0.0312234, 0.146403, 0.0541288], 
              [0.207703, 0.0235447, 0.376762, 0.391989], 
              [0.0771647, 0.23087, 0.538014, 0.153951], 
              [0.0387715, 0.875877, 0.0542593, 0.0310928], 
              [0.376634, 0.39212, 0.038902, 0.192344]
            ]
          }, {
            "db": 0,
            "id": "8-CCGAGTC",
            "alt": "STREME-8",
            "len": 7,
            "nsites": 2692,
            "evalue": "1.1e-004",
            "pwm": [
              [0.00472183, 0.986305, 0.000387361, 0.00858606], 
              [0.266772, 0.62857, 0.000387361, 0.10427], 
              [0.268227, 0.000387361, 0.731142, 0.000243181], 
              [0.896502, 0.000387361, 0.102867, 0.000243181], 
              [0.000243181, 0.000387361, 0.999126, 0.000243181], 
              [0.000243181, 0.0417012, 0.147727, 0.810328], 
              [0.0537646, 0.793895, 0.0302951, 0.122046]
            ]
          }, {
            "db": 0,
            "id": "9-SGTSACGTSACS",
            "alt": "STREME-9",
            "len": 12,
            "nsites": 243,
            "evalue": "3.7e-003",
            "pwm": [
              [0.16071, 0.293224, 0.400959, 0.145107], 
              [0.169625, 0.183257, 0.613458, 0.0336595], 
              [0.0537198, 0.129762, 0.000301501, 0.816217], 
              [0.00691247, 0.446839, 0.479156, 0.0670935], 
              [0.999172, 0.000301501, 0.000301501, 0.00022574], 
              [0.00022574, 0.999247, 0.000301501, 0.00022574], 
              [0.00022574, 0.000301501, 0.999247, 0.00022574], 
              [0.00022574, 0.000301501, 0.000301501, 0.999172], 
              [0.0670935, 0.479156, 0.446839, 0.00691247], 
              [0.816217, 0.000301501, 0.129762, 0.0537198], 
              [0.0336595, 0.613458, 0.183257, 0.169625], 
              [0.145107, 0.400959, 0.293224, 0.16071]
            ]
          }
        ],
        "targets": [
          {
            "db": 0,
            "id": "MA0039.5",
            "alt": "KLF4",
            "len": 8,
            "nsites": 55817,
            "url": "http://jaspar.elixir.no/matrix/MA0039.5",
            "pwm": [
              [0.0441624, 0.881612, 0.0283614, 0.0458644], 
              [0.0377134, 0.857533, 0.0217504, 0.0830033], 
              [0.125786, 0.813461, 0.0254764, 0.0352764], 
              [0.0210154, 0.947291, 0.0142074, 0.0174864], 
              [0.81699, 0.00288444, 0.118208, 0.0619173], 
              [0.0152644, 0.938172, 0.0263364, 0.0202274], 
              [0.0289704, 0.915706, 0.0335024, 0.0218214], 
              [0.0215354, 0.914505, 0.0180054, 0.0459544]
            ]
          }, {
            "db": 0,
            "id": "MA0060.4",
            "alt": "NFYA",
            "len": 8,
            "nsites": 4825,
            "url": "http://jaspar.elixir.no/matrix/MA0060.4",
            "pwm": [
              [0.00477208, 0.965166, 0.00705204, 0.0230097], 
              [0.00643005, 0.976773, 0.00580806, 0.010989], 
              [0.970555, 0.00601506, 0.00352811, 0.0199008], 
              [0.950037, 0.0194868, 0.0257036, 0.00477208], 
              [0.00767302, 0.0273626, 0.00228513, 0.962679], 
              [0.0344085, 0.873562, 0.0661178, 0.0259116], 
              [0.847242, 0.0441493, 0.10135, 0.00725903], 
              [0.126635, 0.234404, 0.562274, 0.0766876]
            ]
          }, {
            "db": 0,
            "id": "MA0062.4",
            "alt": "GABPA",
            "len": 10,
            "nsites": 65479,
            "url": "http://jaspar.elixir.no/matrix/MA0062.4",
            "pwm": [
              [0.116663, 0.632232, 0.106737, 0.144367], 
              [0.798117, 0.0609053, 0.0744213, 0.0665563], 
              [0.0141884, 0.850104, 0.0331253, 0.102583], 
              [0.0593323, 0.0220383, 0.0147384, 0.903892], 
              [0.0131654, 0.0187854, 0.0249393, 0.943111], 
              [0.0213503, 0.937292, 0.0175634, 0.0237943], 
              [0.0151654, 0.963774, 0.00794137, 0.0131194], 
              [0.0262993, 0.0235503, 0.0696563, 0.880495], 
              [0.0338893, 0.0966422, 0.792925, 0.0765443], 
              [0.0816143, 0.183356, 0.1179, 0.617128]
            ]
          }, {
            "db": 0,
            "id": "MA0073.2",
            "alt": "RREB1",
            "len": 19,
            "nsites": 11,
            "url": "http://jaspar.elixir.no/matrix/MA0073.2",
            "pwm": [
              [0.272522, 0.722973, 0.00225225, 0.00225225], 
              [0.0923423, 0.903153, 0.00225225, 0.00225225], 
              [0.272522, 0.722973, 0.00225225, 0.00225225], 
              [0.00225225, 0.993243, 0.00225225, 0.00225225], 
              [0.632883, 0.362612, 0.00225225, 0.00225225], 
              [0.813063, 0.182432, 0.00225225, 0.00225225], 
              [0.722973, 0.272522, 0.00225225, 0.00225225], 
              [0.362612, 0.542793, 0.00225225, 0.0923423], 
              [0.00225225, 0.993243, 0.00225225, 0.00225225], 
              [0.993243, 0.00225225, 0.00225225, 0.00225225], 
              [0.362612, 0.632883, 0.00225225, 0.00225225], 
              [0.0923423, 0.903153, 0.00225225, 0.00225225], 
              [0.272522, 0.722973, 0.00225225, 0.00225225], 
              [0.362612, 0.542793, 0.0923423, 0.00225225], 
              [0.182432, 0.813063, 0.00225225, 0.00225225], 
              [0.362612, 0.452702, 0.00225225, 0.182432], 
              [0.362612, 0.452702, 0.0923423, 0.0923423], 
              [0.362612, 0.542793, 0.00225225, 0.0923423], 
              [0.0923423, 0.632883, 0.272522, 0.00225225]
            ]
          }, {
            "db": 0,
            "id": "MA0076.3",
            "alt": "ELK4",
            "len": 9,
            "nsites": 3427,
            "url": "http://jaspar.elixir.no/matrix/MA0076.3",
            "pwm": [
              [0.114098, 0.555871, 0.166328, 0.163703], 
              [0.593512, 0.0423171, 0.302887, 0.0612835], 
              [7.2948e-06, 0.784343, 0.00467616, 0.210973], 
              [0.00234123, 7.2948e-06, 7.2948e-06, 0.997644], 
              [7.2948e-06, 7.2948e-06, 7.2948e-06, 0.999978], 
              [7.2948e-06, 0.999978, 7.2948e-06, 7.2948e-06], 
              [7.2948e-06, 0.999978, 7.2948e-06, 7.2948e-06], 
              [7.2948e-06, 7.2948e-06, 0.85058, 0.149405], 
              [7.2948e-06, 0.146195, 0.829572, 0.0242256]
            ]
          }, {
            "db": 0,
            "id": "MA0079.5",
            "alt": "SP1",
            "len": 9,
            "nsites": 1000,
            "url": "http://jaspar.elixir.no/matrix/MA0079.5",
            "pwm": [
              [0.00107989, 0.00107989, 0.950352, 0.0474883], 
              [0.00107989, 0.00107989, 0.99676, 0.00107989], 
              [0.00107989, 0.00107989, 0.99676, 0.00107989], 
              [0.00107989, 0.00107989, 0.99676, 0.00107989], 
              [0.266876, 0.730964, 0.00107989, 0.00107989], 
              [0.00107989, 0.00107989, 0.99676, 0.00107989], 
              [0.00107989, 0.0854595, 0.912381, 0.00107989], 
              [0.254219, 0.0517078, 0.659242, 0.0348315], 
              [0.161401, 0.00107989, 0.836439, 0.00107989]
            ]
          }, {
            "db": 0,
            "id": "MA0080.7",
            "alt": "Spi1",
            "len": 13,
            "nsites": 105198,
            "url": "http://jaspar.elixir.no/matrix/MA0080.7",
            "pwm": [
              [0.632436, 0.0652392, 0.216801, 0.0855242], 
              [0.782143, 0.0547352, 0.100895, 0.0622262], 
              [0.774359, 0.0221492, 0.0971501, 0.106342], 
              [0.0820932, 0.115981, 0.760338, 0.0415882], 
              [0.855072, 0.0246582, 0.0915992, 0.0286702], 
              [0.0387552, 0.00522823, 0.944504, 0.0115122], 
              [0.0192782, 0.00789923, 0.963734, 0.00908823], 
              [0.969713, 0.0104092, 0.0101052, 0.00977223], 
              [0.94611, 0.00910723, 0.0173202, 0.0274622], 
              [0.0723972, 0.0671782, 0.847354, 0.0130712], 
              [0.161572, 0.0353242, 0.0487462, 0.754358], 
              [0.0947931, 0.0577482, 0.792647, 0.0548112], 
              [0.220479, 0.11005, 0.548195, 0.121276]
            ]
          }, {
            "db": 0,
            "id": "MA0081.3",
            "alt": "SPIB",
            "len": 13,
            "nsites": 26930,
            "url": "http://jaspar.elixir.no/matrix/MA0081.3",
            "pwm": [
              [0.0809136, 0.23873, 0.118567, 0.561789], 
              [0.0140749, 0.890121, 0.0639067, 0.0318988], 
              [0.903043, 0.0229868, 0.0248428, 0.0491277], 
              [0.0088759, 0.844038, 0.0934276, 0.0536587], 
              [0.0167109, 0.0087639, 0.00583091, 0.968694], 
              [0.0070559, 0.0074279, 0.00902389, 0.976492], 
              [0.0076499, 0.970847, 0.00568191, 0.0158199], 
              [0.0102129, 0.946599, 0.00479091, 0.0383968], 
              [0.0321208, 0.167731, 0.0679177, 0.73223], 
              [0.0378768, 0.74686, 0.0860016, 0.129261], 
              [0.184293, 0.145637, 0.0290018, 0.641068], 
              [0.105385, 0.201448, 0.0774976, 0.615669], 
              [0.154437, 0.223877, 0.0894546, 0.532231]
            ]
          }, {
            "db": 0,
            "id": "MA0088.3",
            "alt": "ZNF143",
            "len": 23,
            "nsites": 889,
            "url": "http://jaspar.elixir.no/matrix/MA0088.3",
            "pwm": [
              [0.0798841, 0.735603, 0.0382688, 0.146244], 
              [0.365566, 0.0652628, 0.455545, 0.113626], 
              [0.320577, 0.185609, 0.359943, 0.133871], 
              [0.24522, 0.0337703, 0.401558, 0.319452], 
              [0.0315206, 0.0225226, 0.924558, 0.0213977], 
              [0.103503, 0.656872, 0.186734, 0.0528902], 
              [0.492661, 0.375689, 0.0337703, 0.0978801], 
              [0.0225226, 0.205854, 0.0427683, 0.728855], 
              [0.0371439, 0.192357, 0.366691, 0.403808], 
              [0.114751, 0.722107, 0.0787593, 0.0843826], 
              [0.00452661, 0.139495, 0.00227787, 0.8537], 
              [0.00790123, 2.81183e-05, 0.992043, 2.81183e-05], 
              [0.00115299, 0.00227787, 0.996541, 2.81183e-05], 
              [0.0315206, 0.00227787, 0.954927, 0.0112759], 
              [0.897565, 0.0146495, 0.0393937, 0.0483917], 
