<!DOCTYPE HTML>
<html>
  <head>
    <meta charset="UTF-8">
    <title>Tomtom Results</title>
    <script>
      // @JSON_VAR data
      var data = {
        "program": "Tomtom",
        "version": "5.4.1",
        "release": "Sat Aug 21 19:23:23 2021 -0700",
        "cmd": [
          "tomtom", "-verbosity", "1", "-oc",
          "/ocean/projects/bio230007p/sujathab/Motif_analysis/output/meme_chip_mouse_promoter/streme_tomtom_out",
          "-min-overlap", "5", "-dist", "pearson", "-evalue", "-thresh", "1",
          "-no-ssc",
          "/ocean/projects/bio230007p/sujathab/Motif_analysis/output/meme_chip_mouse_promoter/streme_out/streme.xml",
          "/ocean/projects/bio230007p/sujathab/motif_dbs/JASPAR2026_vertebrates_combined.meme"
        ],
        "options": {
          "strands": "both",
          "distance_measure": "pearson",
          "threshold_type": "evalue",
          "threshold_value": 1,
          "background_source": "--query--"
        },
        "alphabet": {
          "name": "DNA",
          "like": "dna",
          "ncore": 4,
          "symbols": [
            {
              "symbol": "A",
              "name": "Adenine",
              "colour": "CC0000",
              "complement": "T"
            }, {
              "symbol": "C",
              "name": "Cytosine",
              "colour": "0000CC",
              "complement": "G"
            }, {
              "symbol": "G",
              "name": "Guanine",
              "colour": "FFB300",
              "complement": "C"
            }, {
              "symbol": "T",
              "aliases": "U",
              "name": "Thymine",
              "colour": "008000",
              "complement": "A"
            }, {
              "symbol": "N",
              "aliases": "X.",
              "name": "Any base",
              "equals": "ACGT"
            }, {
              "symbol": "V",
              "name": "Not T",
              "equals": "ACG"
            }, {
              "symbol": "H",
              "name": "Not G",
              "equals": "ACT"
            }, {
              "symbol": "D",
              "name": "Not C",
              "equals": "AGT"
            }, {
              "symbol": "B",
              "name": "Not A",
              "equals": "CGT"
            }, {
              "symbol": "M",
              "name": "Amino",
              "equals": "AC"
            }, {
              "symbol": "R",
              "name": "Purine",
              "equals": "AG"
            }, {
              "symbol": "W",
              "name": "Weak",
              "equals": "AT"
            }, {
              "symbol": "S",
              "name": "Strong",
              "equals": "CG"
            }, {
              "symbol": "Y",
              "name": "Pyrimidine",
              "equals": "CT"
            }, {
              "symbol": "K",
              "name": "Keto",
              "equals": "GT"
            }
          ]
        },
        "background": [0.25, 0.25, 0.25, 0.25],
        "query_dbs": [
          {
            "source": "/ocean/projects/bio230007p/sujathab/Motif_analysis/output/meme_chip_mouse_promoter/streme_out/streme.xml",
            "name": "streme.xml",
            "loaded": 37,
            "excluded": 0,
            "last_modified": "Thu Apr  9 11:14:32 2026"
          }
        ],
        "target_dbs": [
          {
            "source": "/ocean/projects/bio230007p/sujathab/motif_dbs/JASPAR2026_vertebrates_combined.meme",
            "name": "JASPAR2026_vertebrates_combined",
            "loaded": 1019,
            "excluded": 0,
            "last_modified": "Tue Apr  7 23:54:07 2026"
          }
        ],
        "queries": [
          {
            "db": 0,
            "id": "1-MGGGGGCGGGGCB",
            "alt": "STREME-1",
            "len": 13,
            "nsites": 1893,
            "evalue": "1.9e-013",
            "pwm": [
              [0.450412, 0.234758, 0.110515, 0.204314], 
              [0.173477, 0.0970633, 0.681054, 0.0484048], 
              [0.0401935, 0.00774346, 0.853362, 0.0987007], 
              [0.0752896, 0.0240654, 0.893117, 0.00752751], 
              [0.00621865, 0.0305773, 0.963167, 3.6683e-05], 
              [0.00535199, 0.00111483, 0.99184, 0.00169383], 
              [0.0310259, 0.8789, 4.94975e-05, 0.0900253], 
              [0.0176737, 0.000393376, 0.975114, 0.00681964], 
              [3.6683e-05, 0.00869186, 0.871939, 0.119333], 
              [0.0604878, 0.00894292, 0.903999, 0.0265702], 
              [0.0353474, 0.0205455, 0.913738, 0.0303692], 
              [0.0818209, 0.770573, 0.0540076, 0.0935986], 
              [0.0740139, 0.408825, 0.274981, 0.24218]
            ]
          }, {
            "db": 0,
            "id": "10-CACTTCCGGYN",
            "alt": "STREME-10",
            "len": 11,
            "nsites": 487,
            "evalue": "4.1e-004",
            "pwm": [
              [0.0766975, 0.665044, 0.0727918, 0.185467], 
              [0.999488, 0.00018645, 0.00018645, 0.000138738], 
              [0.000138738, 0.977941, 0.0156121, 0.00630885], 
              [0.00322379, 0.00018645, 0.092294, 0.904296], 
              [0.000138738, 0.00018645, 0.00635668, 0.993318], 
              [0.0780217, 0.921653, 0.00018645, 0.000138738], 
              [0.000138738, 0.929104, 0.0600831, 0.0106744], 
              [0.000138738, 0.00018645, 0.688895, 0.31078], 
              [0.000138738, 0.206365, 0.609844, 0.183653], 
              [0.149354, 0.272651, 0.108494, 0.469501], 
              [0.34643, 0.192264, 0.198582, 0.262724]
            ]
          }, {
            "db": 0,
            "id": "11-ATCAATAM",
            "alt": "STREME-11",
            "len": 8,
            "nsites": 106,
            "evalue": "9.0e-004",
            "pwm": [
              [0.996024, 0.00147077, 0.00147077, 0.00103465], 
              [0.00103465, 0.00147077, 0.00147077, 0.996024], 
              [0.00103465, 0.897855, 0.0895899, 0.0115203], 
              [0.835363, 0.00147077, 0.162132, 0.00103465], 
              [0.996024, 0.00147077, 0.00147077, 0.00103465], 
              [0.00103465, 0.00147077, 0.00147077, 0.996024], 
              [0.996024, 0.00147077, 0.00147077, 0.00103465], 
              [0.447632, 0.243581, 0.197688, 0.111098]
            ]
          }, {
            "db": 0,
            "id": "12-GTTAATNATTAAC",
            "alt": "STREME-12",
            "len": 13,
            "nsites": 143,
            "evalue": "1.3e-003",
            "pwm": [
              [0.264577, 0.0118278, 0.606851, 0.116744], 
              [0.0117108, 0.030698, 0.0457943, 0.911797], 
              [0.152919, 0.113729, 0.0420203, 0.691332], 
              [0.949538, 0.000505315, 0.0495685, 0.000388576], 
              [0.804556, 0.119069, 0.0042794, 0.0720962], 
              [0.135615, 0.0231498, 0.000505315, 0.84073], 
              [0.203548, 0.296452, 0.296452, 0.203548], 
              [0.84073, 0.000505315, 0.0231498, 0.135615], 
              [0.0720962, 0.0042794, 0.119069, 0.804556], 
              [0.000388576, 0.0495685, 0.000505315, 0.949538], 
              [0.691332, 0.0420203, 0.113729, 0.152919], 
              [0.911797, 0.0457943, 0.030698, 0.0117108], 
              [0.116744, 0.606851, 0.0118278, 0.264577]
            ]
          }, {
            "db": 0,
            "id": "13-KGCGCATGCGCM",
            "alt": "STREME-13",
            "len": 12,
            "nsites": 281,
            "evalue": "2.2e-003",
            "pwm": [
              [0.00652633, 0.199958, 0.499566, 0.293949], 
              [0.157619, 0.000622611, 0.841325, 0.000434172], 
              [0.0491739, 0.919309, 0.0128071, 0.0187106], 
              [0.000434172, 0.000622611, 0.998509, 0.000434172], 
              [0.000434172, 0.998509, 0.000622611, 0.000434172], 
              [0.708562, 0.165487, 0.125516, 0.000434172], 
              [0.000434172, 0.125516, 0.165487, 0.708562], 
              [0.000434172, 0.000622611, 0.998509, 0.000434172], 
              [0.000434172, 0.998509, 0.000622611, 0.000434172], 
              [0.0187106, 0.0128071, 0.919309, 0.0491739], 
              [0.000434172, 0.841325, 0.000622611, 0.157619], 
              [0.293949, 0.499566, 0.199958, 0.00652633]
            ]
          }, {
            "db": 0,
            "id": "14-GGAGGAGGAGGAGGA",
            "alt": "STREME-14",
            "len": 15,
            "nsites": 235,
            "evalue": "2.5e-003",
            "pwm": [
              [0.000236657, 0.108002, 0.889225, 0.00253631], 
              [0.0462301, 0.0574098, 0.873127, 0.0232332], 
              [0.865519, 0.0325034, 0.0804066, 0.0215711], 
              [0.0462298, 0.125617, 0.80952, 0.0186339], 
              [0.0113442, 0.0942036, 0.894216, 0.000236657], 
              [0.766144, 0.123709, 0.0823145, 0.0278327], 
              [0.032978, 0.100712, 0.866074, 0.000236657], 
              [0.0159435, 0.0095065, 0.965115, 0.00943528], 
              [0.893363, 0.0554999, 0.0325031, 0.018634], 
              [0.11522, 0.0463009, 0.824444, 0.0140346], 
              [0.018634, 0.0185875, 0.956034, 0.00674479], 
              [0.769416, 0.0790428, 0.11911, 0.0324319], 
              [0.0278328, 0.1126, 0.850132, 0.00943528], 
              [0.0692286, 0.0313466, 0.88999, 0.00943528], 
              [0.78646, 0.132588, 0.0512109, 0.0297414]
            ]
          }, {
            "db": 0,
            "id": "15-ACACACACACACA",
            "alt": "STREME-15",
            "len": 13,
            "nsites": 292,
            "evalue": "2.6e-003",
            "pwm": [
              [0.980026, 0.00859806, 0.0110574, 0.000318266], 
              [0.0109574, 0.775284, 0.0415054, 0.172254], 
              [0.857491, 0.0168692, 0.0760501, 0.0495893], 
              [0.0293764, 0.871865, 0.0370614, 0.0616974], 
              [0.877009, 0.0729566, 0.0497164, 0.000318266], 
              [0.000318266, 0.828336, 0.0961453, 0.0752002], 
              [0.979657, 0.0195793, 0.000445268, 0.000318266], 
              [0.0927145, 0.609898, 0.148262, 0.149127], 
              [0.846291, 0.0464948, 0.0642548, 0.0429593], 
              [0.000318266, 0.848909, 0.0875543, 0.0632187], 
              [0.842152, 0.098778, 0.0307084, 0.0283619], 
              [0.00853012, 0.812176, 0.0128605, 0.166433], 
              [0.936475, 0.0157726, 0.0132506, 0.0345022]
            ]
          }, {
            "db": 0,
            "id": "16-YGGYGACR",
            "alt": "STREME-16",
            "len": 8,
            "nsites": 2327,
            "evalue": "6.6e-003",
            "pwm": [
              [0.125363, 0.505896, 0.0399685, 0.328772], 
              [0.238604, 0.000244452, 0.760989, 0.000161929], 
              [0.302208, 0.000244452, 0.697386, 0.000161929], 
              [0.000161929, 0.255594, 0.237024, 0.507221], 
              [0.000161929, 0.000244452, 0.912417, 0.0871769], 
              [0.999349, 0.000244452, 0.000244452, 0.000161929], 
              [0.000161929, 0.999432, 0.000244452, 0.000161929], 
              [0.606884, 0.000244452, 0.39271, 0.000161929]
            ]
          }, {
            "db": 0,
            "id": "17-CARAGTC",
            "alt": "STREME-17",
            "len": 7,
            "nsites": 1172,
            "evalue": "8.0e-003",
            "pwm": [
              [0.000689604, 0.979438, 0.00105436, 0.0188187], 
              [0.959253, 0.0390029, 0.00105436, 0.000689604], 
              [0.39614, 0.00105436, 0.566155, 0.0366506], 
              [0.808848, 0.189408, 0.00105436, 0.000689604], 
              [0.000689604, 0.00105436, 0.997566, 0.000689604], 
              [0.000689604, 0.00105436, 0.00105436, 0.997201], 
              [0.000689604, 0.997566, 0.00105436, 0.000689604]
            ]
          }, {
            "db": 0,
            "id": "18-AGGTAAGGG",
            "alt": "STREME-18",
            "len": 9,
            "nsites": 805,
            "evalue": "1.3e-002",
            "pwm": [
              [0.999043, 0.000357361, 0.000357361, 0.000242142], 
              [0.000242142, 0.0247562, 0.97476, 0.000242142], 
              [0.000242142, 0.000357361, 0.900314, 0.0990864], 
              [0.000242142, 0.000357361, 0.249048, 0.750353], 
              [0.854436, 0.000357361, 0.144964, 0.000242142], 
              [0.933373, 0.0262755, 0.0262096, 0.0141417], 
              [0.183969, 0.144837, 0.670951, 0.000242142], 
              [0.256584, 0.0642131, 0.678961, 0.000242142], 
              [0.000242142, 0.0798965, 0.919619, 0.000242142]
            ]
          }, {
            "db": 0,
            "id": "19-CTTTAATCCCAGC",
            "alt": "STREME-19",
            "len": 13,
            "nsites": 67,
            "evalue": "1.9e-002",
            "pwm": [
              [0.0336707, 0.931567, 0.00109162, 0.0336707], 
              [0.000837731, 0.050341, 0.00109162, 0.94773], 
              [0.0829201, 0.0995911, 0.165257, 0.652232], 
              [0.000837731, 0.00109162, 0.00109162, 0.996979], 
              [0.914896, 0.00109162, 0.0831746, 0.000837731], 
              [0.94773, 0.00109162, 0.0339246, 0.0172542], 
              [0.000837731, 0.198091, 0.00109162, 0.799979], 
              [0.0172542, 0.833068, 0.0175081, 0.13217], 
              [0.0172542, 0.898734, 0.0339252, 0.0500872], 
              [0.0336707, 0.898734, 0.0175081, 0.0500872], 
              [0.898479, 0.00109162, 0.00109162, 0.0993372], 
              [0.13217, 0.0175081, 0.767403, 0.0829201], 
              [0.000837731, 0.871185, 0.00109162, 0.126886]
            ]
          }, {
            "db": 0,
            "id": "2-CCACYAGRKGGC",
            "alt": "STREME-2",
            "len": 12,
            "nsites": 660,
            "evalue": "1.4e-012",
            "pwm": [
              [0.0454346, 0.921795, 0.00771378, 0.0250562], 
              [0.000100751, 0.997445, 0.000135072, 0.00231989], 
              [0.968509, 0.000135072, 0.031255, 0.000100751], 
              [0.000100751, 0.660761, 0.325723, 0.0134157], 
              [0.218065, 0.309585, 0.0201078, 0.452242], 
              [0.998709, 0.00105607, 0.000135072, 0.000100751], 
              [0.000100751, 0.000135072, 0.999663, 0.000100751], 
              [0.570761, 0.000135072, 0.429003, 0.000100751], 
              [0.000100751, 0.000135072, 0.654888, 0.344877], 
              [0.000100751, 0.000135072, 0.999663, 0.000100751], 
              [0.0045391, 0.0267657, 0.938824, 0.0298715], 
              [0.0933968, 0.864917, 0.000135072, 0.0415517]
            ]
          }, {
            "db": 0,
            "id": "20-CGCCCGCCCGC",
            "alt": "STREME-20",
            "len": 11,
            "nsites": 96,
            "evalue": "2.8e-002",
            "pwm": [
              [0.0180961, 0.935976, 0.0278314, 0.0180961], 
              [0.0180961, 0.0278314, 0.935976, 0.0180961], 
              [0.0180961, 0.935976, 0.0278314, 0.0180961], 
              [0.0180961, 0.935976, 0.0278314, 0.0180961], 
              [0.0180961, 0.935976, 0.0278314, 0.0180961], 
              [0.0180961, 0.0278314, 0.935976, 0.0180961], 
              [0.0180961, 0.935976, 0.0278314, 0.0180961], 
              [0.0180961, 0.935976, 0.0278314, 0.0180961], 
              [0.0180961, 0.935976, 0.0278314, 0.0180961], 
              [0.0180961, 0.0278314, 0.935976, 0.0180961], 
              [0.0180961, 0.935976, 0.0278314, 0.0180961]
            ]
          }, {
            "db": 0,
            "id": "21-GARGCMGAGGC",
            "alt": "STREME-21",
            "len": 11,
            "nsites": 313,
            "evalue": "2.9e-002",
            "pwm": [
              [0.000241945, 0.000330423, 0.999186, 0.000241945], 
              [0.999098, 0.000330423, 0.000330423, 0.000241945], 
              [0.273875, 0.0491908, 0.545268, 0.131667], 
              [0.137808, 0.000330423, 0.86162, 0.000241945], 
              [0.000241945, 0.999186, 0.000330423, 0.000241945], 
              [0.494701, 0.305964, 0.13238, 0.0669549], 
              [0.000241945, 0.000330423, 0.999186, 0.000241945], 
              [0.999098, 0.000330423, 0.000330423, 0.000241945], 
              [0.27676, 0.0812353, 0.605062, 0.0369418], 
              [0.000241945, 0.000330423, 0.921515, 0.0779119], 
              [0.180436, 0.818991, 0.000330423, 0.000241945]
            ]
          }, {
            "db": 0,
            "id": "22-AGGCCAGCCTGGKCTACAB",
            "alt": "STREME-22",
            "len": 19,
            "nsites": 66,
            "evalue": "3.1e-002",
            "pwm": [
              [0.964868, 0.00108196, 0.0171492, 0.0169007], 
              [0.0972369, 0.00108196, 0.900848, 0.000833472], 
              [0.113304, 0.00108196, 0.804444, 0.0811696], 
              [0.145439, 0.852646, 0.00108196, 0.000833472], 
              [0.000833472, 0.900848, 0.0171492, 0.0811696], 
              [0.980936, 0.00108196, 0.00108196, 0.0169007], 
              [0.0490352, 0.0492836, 0.88478, 0.0169007], 
              [0.0329679, 0.820512, 0.00108196, 0.145438], 
              [0.0169007, 0.94905, 0.00108196, 0.0329679], 
              [0.19364, 0.0171492, 0.00108196, 0.788128], 
              [0.129371, 0.00108196, 0.804444, 0.0651023], 
              [0.129371, 0.0492836, 0.788377, 0.0329679], 
              [0.0972369, 0.0171492, 0.30636, 0.579254], 
              [0.113304, 0.788377, 0.0171492, 0.0811696], 
              [0.0329679, 0.0332165, 0.00108196, 0.932734], 
              [0.868465, 0.00108196, 0.129619, 0.000833472], 
              [0.000833472, 0.900848, 0.0653509, 0.0329679], 
              [0.884532, 0.0171492, 0.0171492, 0.0811696], 
              [0.161506, 0.226023, 0.386695, 0.225775]
            ]
          }, {
            "db": 0,
            "id": "23-ATGGTGGCTCACAACCATC",
            "alt": "STREME-23",
            "len": 19,
            "nsites": 55,
            "evalue": "3.1e-002",
            "pwm": [
              [0.771071, 0.020059, 0.0951891, 0.113681], 
              [0.0573335, 0.0764065, 0.132755, 0.733505], 
              [0.0197684, 0.020059, 0.959187, 0.000985915], 
              [0.038551, 0.0388414, 0.921622, 0.000985915], 
              [0.038551, 0.057624, 0.0012764, 0.902549], 
              [0.151247, 0.0012764, 0.846491, 0.000985915], 
              [0.0573335, 0.020059, 0.902839, 0.0197684], 
              [0.000985915, 0.790144, 0.020059, 0.188811], 
              [0.0197684, 0.020059, 0.057624, 0.902549], 
              [0.000985915, 0.977969, 0.0012764, 0.0197684], 
              [0.902549, 0.057624, 0.0012764, 0.038551], 
              [0.000985915, 0.884056, 0.020059, 0.0948986], 
              [0.827418, 0.057624, 0.113971, 0.000985915], 
              [0.733506, 0.113971, 0.151537, 0.000985915], 
              [0.038551, 0.902839, 0.0388414, 0.0197684], 
              [0.0573335, 0.771361, 0.0012764, 0.170028], 
              [0.658375, 0.0764065, 0.189102, 0.0761161], 
              [0.0197684, 0.264232, 0.0388414, 0.677158], 
              [0.038551, 0.827709, 0.020059, 0.113681]
            ]
          }, {
            "db": 0,
            "id": "24-AGGGAGGGAGGGAGRGA",
            "alt": "STREME-24",
            "len": 17,
            "nsites": 90,
            "evalue": "3.1e-002",
            "pwm": [
              [0.883514, 0.0515809, 0.0642681, 0.000636948], 
              [0.102133, 0.0135201, 0.865758, 0.0185892], 
              [0.0584188, 0.0262071, 0.914737, 0.000636948], 
              [0.0386978, 0.102329, 0.858337, 0.000636948], 
              [0.985009, 0.00083316, 0.00083316, 0.0133239], 
              [0.076759, 0.0262071, 0.88371, 0.0133239], 
              [0.268184, 0.0262071, 0.692285, 0.0133239], 
              [0.0260108, 0.0135201, 0.947145, 0.0133239], 
              [0.985009, 0.00083316, 0.00083316, 0.0133239], 
              [0.0386978, 0.0135201, 0.921772, 0.0260108], 
              [0.230121, 0.0135201, 0.743035, 0.0133239], 
              [0.0513847, 0.038894, 0.896398, 0.0133239], 
              [0.934262, 0.00083316, 0.0642678, 0.000636948], 
              [0.0767585, 0.0135201, 0.909085, 0.000636948], 
              [0.610734, 0.0262071, 0.311674, 0.0513847], 
              [0.0450412, 0.0515809, 0.890054, 0.0133239], 
              [0.813736, 0.0769548, 0.0959856, 0.0133239]
            ]
          }, {
            "db": 0,
            "id": "25-AGATGGCTCAG",
            "alt": "STREME-25",
            "len": 11,
            "nsites": 66,
            "evalue": "3.1e-002",
            "pwm": [
              [0.920979, 0.0183204, 0.0426461, 0.0180546], 
              [0.0557488, 0.0183204, 0.925065, 0.000865266], 
              [0.753908, 0.205959, 0.0104228, 0.029711], 
              [0.00881917, 0.0183204, 0.0351278, 0.937733], 
              [0.0423803, 0.069889, 0.877574, 0.0101569], 
              [0.083901, 0.00444228, 0.910792, 0.000865266], 
              [0.00799927, 0.919645, 0.00273134, 0.0696238], 
              [0.00417643, 0.00113111, 0.00113111, 0.993561], 
              [0.000865266, 0.987847, 0.0104228, 0.000865266], 
              [0.9674, 0.00627985, 0.0082651, 0.0180546], 
              [0.029711, 0.0183204, 0.951104, 0.000865266]
            ]
          }, {
            "db": 0,
            "id": "26-CAGGGGGCGC",
            "alt": "STREME-26",
            "len": 10,
            "nsites": 48,
            "evalue": "3.1e-002",
            "pwm": [
              [0.0183371, 0.935263, 0.0280624, 0.0183371], 
              [0.925538, 0.0280624, 0.0280624, 0.0183371], 
              [0.0183371, 0.0280624, 0.935263, 0.0183371], 
              [0.0183371, 0.0280624, 0.935263, 0.0183371], 
              [0.0183371, 0.0280624, 0.935263, 0.0183371], 
              [0.0183371, 0.0280624, 0.935263, 0.0183371], 
              [0.0183371, 0.0280624, 0.935263, 0.0183371], 
              [0.0183371, 0.935263, 0.0280624, 0.0183371], 
              [0.0183371, 0.0280624, 0.935263, 0.0183371], 
              [0.0183371, 0.935263, 0.0280624, 0.0183371]
            ]
          }, {
            "db": 0,
            "id": "27-AGGGAGGAGCCAG",
            "alt": "STREME-27",
            "len": 13,
            "nsites": 341,
            "evalue": "3.2e-002",
            "pwm": [
              [0.723211, 0.0116053, 0.139608, 0.125575], 
              [0.078991, 0.0078163, 0.897858, 0.0153348], 
              [0.0153352, 0.000239231, 0.984245, 0.000180639], 
              [0.135942, 0.010961, 0.852916, 0.000180639], 
              [0.859499, 0.0947866, 0.000239231, 0.0454749], 
              [0.000180639, 0.000239231, 0.976668, 0.0229119], 
              [0.104131, 0.000239231, 0.891661, 0.00396917], 
              [0.917193, 0.000239231, 0.0517937, 0.0307736], 
              [0.024837, 0.000239231, 0.967166, 0.00775771], 
              [0.169085, 0.529943, 0.259762, 0.0412108], 
              [0.109687, 0.606222, 0.233577, 0.0505147], 
              [0.560765, 0.108821, 0.216391, 0.114024], 
              [0.0377751, 0.0283316, 0.918559, 0.0153348]
            ]
          }, {
            "db": 0,
            "id": "28-ATGCAAATG",
            "alt": "STREME-28",
            "len": 9,
            "nsites": 96,
            "evalue": "3.3e-002",
            "pwm": [
              [0.996811, 0.00117014, 0.00117014, 0.000848823], 
              [0.000848823, 0.00117014, 0.00117014, 0.996811], 
              [0.0732591, 0.00117014, 0.924722, 0.000848823], 
              [0.000848823, 0.845505, 0.00117014, 0.152477], 
              [0.967413, 0.00117014, 0.0097927, 0.0216248], 
              [0.985581, 0.00117014, 0.00117014, 0.0120792], 
              [0.996811, 0.00117014, 0.00117014, 0.000848823], 
              [0.000848823, 0.0456755, 0.00117014, 0.952305], 
              [0.126782, 0.155026, 0.717343, 0.000848823]
            ]
          }, {
            "db": 0,
            "id": "29-CCCCACCCC",
            "alt": "STREME-29",
            "len": 9,
            "nsites": 913,
            "evalue": "3.3e-002",
            "pwm": [
              [0.0159086, 0.970315, 0.000620339, 0.013156], 
              [0.0205016, 0.934957, 0.00609655, 0.0384447], 
              [0.0140721, 0.971449, 0.00804659, 0.00643267], 
              [0.0358454, 0.915796, 0.0184667, 0.0298923], 
              [0.736641, 0.000288795, 0.0674603, 0.19561], 
              [0.0635433, 0.873448, 0.0296744, 0.0333345], 
              [0.00201139, 0.973529, 0.0130921, 0.0113681], 
              [0.000677597, 0.969837, 0.00421839, 0.0252665], 
              [0.056934, 0.850419, 0.0094999, 0.0831468]
            ]
          }, {
            "db": 0,
            "id": "3-CACTCACC",
            "alt": "STREME-3",
            "len": 8,
            "nsites": 1359,
            "evalue": "4.8e-009",
            "pwm": [
              [0.109118, 0.675666, 0.0552169, 0.159999], 
              [0.946664, 0.000441782, 0.0526022, 0.000292286], 
              [0.000292286, 0.960073, 0.0393423, 0.000292286], 
              [0.000292286, 0.000441782, 0.000441782, 0.998824], 
              [0.000292286, 0.928958, 0.000441782, 0.0703082], 
              [0.998824, 0.000441782, 0.000441782, 0.000292286], 
              [0.000292286, 0.998974, 0.000441782, 0.000292286], 
              [0.0286213, 0.718288, 0.0464036, 0.206687]
            ]
          }, {
            "db": 0,
            "id": "30-AAAACAAACARA",
            "alt": "STREME-30",
            "len": 12,
            "nsites": 799,
            "evalue": "3.5e-002",
            "pwm": [
              [0.711147, 0.0780567, 0.0588202, 0.151975], 
              [0.850768, 0.027787, 0.0809402, 0.0405055], 
              [0.847837, 0.0112634, 0.0620697, 0.0788295], 
              [0.687228, 0.0991726, 0.173362, 0.0402369], 
              [0.0422876, 0.614779, 0.0436405, 0.299293], 
              [0.963642, 0.0221619, 0.00176358, 0.0124323], 
              [0.949696, 0.0156915, 0.00506213, 0.0295496], 
              [0.896663, 0.0269912, 0.0331303, 0.0432151], 
              [0.164869, 0.603588, 0.0317372, 0.199807], 
              [0.815666, 0.0696532, 0.025311, 0.0893699], 
              [0.40486, 0.135852, 0.317578, 0.14171], 
              [0.720533, 0.0420632, 0.0851424, 0.152261]
            ]
          }, {
            "db": 0,
            "id": "31-AGCAGCAGCAGCAGCAGCA",
            "alt": "STREME-31",
            "len": 19,
            "nsites": 252,
            "evalue": "3.9e-002",
            "pwm": [
              [0.815634, 0.0387087, 0.000286158, 0.145373], 
              [0.0856036, 0.0600546, 0.854121, 0.000220132], 
              [0.000220132, 0.764469, 0.166784, 0.0685269], 
              [0.901017, 0.0984771, 0.000286158, 0.000220132], 
              [0.0172968, 0.000286158, 0.935236, 0.0471811], 
              [0.0727961, 0.790084, 0.0814005, 0.0557194], 
              [0.580829, 0.128361, 0.218014, 0.0727961], 
              [0.115487, 0.0387087, 0.828506, 0.0172968], 
              [0.0386427, 0.670547, 0.23936, 0.0514503], 
              [0.619251, 0.124092, 0.0899388, 0.166718], 
              [0.0770652, 0.0856696, 0.8157, 0.021566], 
              [0.021566, 0.977928, 0.000286158, 0.000220132], 
              [0.649136, 0.0472471, 0.149707, 0.15391], 
              [0.0813344, 0.145438, 0.773007, 0.000220132], 
              [0.0599887, 0.619316, 0.273514, 0.0471811], 
              [0.636328, 0.153976, 0.124092, 0.0856036], 
              [0.132565, 0.0856698, 0.781545, 0.000220132], 
              [0.000220132, 0.845583, 0.119824, 0.0343736], 
              [0.538137, 0.094208, 0.218014, 0.149641]
            ]
          }, {
            "db": 0,
            "id": "32-RTSACGTSAY",
            "alt": "STREME-32",
            "len": 10,
            "nsites": 272,
            "evalue": "4.4e-002",
            "pwm": [
              [0.312794, 0.121165, 0.525115, 0.0409261], 
              [0.0385764, 0.161938, 0.0442901, 0.755195], 
              [0.0394159, 0.563023, 0.393681, 0.00387965], 
              [0.979183, 0.000267744, 0.000267744, 0.0202819], 
              [0.000205646, 0.911973, 0.000267744, 0.0875542], 
              [0.0875542, 0.000267744, 0.911973, 0.000205646], 
              [0.0202819, 0.000267744, 0.000267744, 0.979183], 
              [0.00387965, 0.393681, 0.563023, 0.0394159], 
              [0.755195, 0.0442901, 0.161938, 0.0385764], 
              [0.0409261, 0.525115, 0.121165, 0.312794]
            ]
          }, {
            "db": 0,
            "id": "33-CCGGGA",
            "alt": "STREME-33",
            "len": 6,
            "nsites": 1463,
            "evalue": "4.9e-002",
            "pwm": [
              [0.0178704, 0.936644, 0.0276152, 0.0178704], 
              [0.0178704, 0.936644, 0.0276152, 0.0178704], 
              [0.0178704, 0.0276152, 0.936644, 0.0178704], 
              [0.0178704, 0.0276152, 0.936644, 0.0178704], 
              [0.0178704, 0.0276152, 0.936644, 0.0178704], 
              [0.926899, 0.0276152, 0.0276152, 0.0178704]
            ]
          }, {
            "db": 0,
            "id": "34-CCCAGCCCTG",
            "alt": "STREME-34",
            "len": 10,
            "nsites": 2061,
            "evalue": "5.0e-002",
            "pwm": [
              [0.0451351, 0.931881, 0.0138036, 0.00918058], 
              [0.000607695, 0.876713, 0.0664185, 0.056261], 
              [0.0546972, 0.757623, 0.103254, 0.0844253], 
              [0.852613, 0.0641112, 0.0783674, 0.0049087], 
              [0.0666941, 0.0199046, 0.863812, 0.0495892], 
              [0.0388986, 0.820671, 0.0823849, 0.0580451], 
              [0.0545008, 0.90028, 0.0203199, 0.0248989], 
              [0.0572344, 0.823295, 0.0192928, 0.100178], 
              [0.0773549, 0.118353, 0.155064, 0.649229], 
              [0.0916245, 0.027023, 0.753813, 0.12754]
            ]
          }, {
            "db": 0,
            "id": "35-RCCKMGGY",
            "alt": "STREME-35",
            "len": 8,
            "nsites": 787,
            "evalue": "7.1e-002",
            "pwm": [
              [0.340076, 0.00180494, 0.498821, 0.159299], 
              [0.00117884, 0.995837, 0.00180494, 0.00117884], 
              [0.00117884, 0.935702, 0.0619408, 0.00117884], 
              [0.00117884, 0.00180494, 0.546004, 0.451012], 
              [0.451012, 0.546004, 0.00180494, 0.00117884], 
              [0.00117884, 0.0619408, 0.935702, 0.00117884], 
              [0.00117884, 0.00180494, 0.995837, 0.00117884], 
              [0.159299, 0.498821, 0.00180494, 0.340076]
            ]
          }, {
            "db": 0,
            "id": "36-AAGCAAAG",
            "alt": "STREME-36",
            "len": 8,
            "nsites": 884,
            "evalue": "7.3e-002",
            "pwm": [
              [0.708484, 0.000420035, 0.290814, 0.000281707], 
              [0.836242, 0.0169606, 0.000420035, 0.146378], 
              [0.0800858, 0.000420035, 0.774058, 0.145436], 
              [0.000281707, 0.894909, 0.104527, 0.000281707], 
              [0.875855, 0.109264, 0.014599, 0.000281707], 
              [0.946065, 0.000420035, 0.000420035, 0.0530944], 
              [0.955697, 0.0180233, 0.0259982, 0.000281707], 
              [0.0178427, 0.241236, 0.723529, 0.0173914]
            ]
          }, {
            "db": 0,
            "id": "37-CCACCACCACCACCA",
            "alt": "STREME-37",
            "len": 15,
            "nsites": 82,
            "evalue": "3.6e-001",
            "pwm": [
              [0.0763799, 0.758045, 0.114434, 0.0511406], 
              [0.000662079, 0.93472, 0.00085725, 0.0637602], 
              [0.858808, 0.0260966, 0.0765753, 0.038521], 
              [0.0637602, 0.93472, 0.00085725, 0.000662079], 
              [0.000662079, 0.985199, 0.0134768, 0.000662079], 
              [0.972384, 0.00085725, 0.00085725, 0.0259014], 
              [0.000662079, 0.959959, 0.0260966, 0.0132817], 
              [0.0511406, 0.795904, 0.0134768, 0.139479], 
              [0.846188, 0.0134768, 0.0387162, 0.101619], 
              [0.000662079, 0.808524, 0.0513358, 0.139478], 
              [0.0511406, 0.884242, 0.0387167, 0.0259016], 
              [0.644273, 0.152293, 0.00085725, 0.202576], 
              [0.0889995, 0.795904, 0.0387162, 0.0763799], 
              [0.0259014, 0.846383, 0.0639554, 0.0637605], 
              [0.568555, 0.253251, 0.0260966, 0.152097]
            ]
          }, {
            "db": 0,
            "id": "4-CCCGGGTC",
            "alt": "STREME-4",
            "len": 8,
            "nsites": 6684,
            "evalue": "3.3e-007",
            "pwm": [
              [0.0432188, 0.651662, 0.000106542, 0.305013], 
              [0.00284147, 0.832515, 0.0055208, 0.159122], 
              [0.118443, 0.642614, 0.123984, 0.114959], 
              [0.145699, 0.000106542, 0.854125, 7.02428e-05], 
              [0.126098, 0.0225265, 0.81937, 0.0320055], 
              [7.02428e-05, 0.0143684, 0.981156, 0.00440516], 
              [0.196693, 0.0537748, 0.0182831, 0.73125], 
              [7.02428e-05, 0.819067, 0.00374589, 0.177116]
            ]
          }, {
            "db": 0,
            "id": "5-CAAAGKTCA",
            "alt": "STREME-5",
            "len": 9,
            "nsites": 963,
            "evalue": "4.2e-006",
            "pwm": [
              [0.00645117, 0.852192, 0.0233034, 0.118053], 
              [0.940768, 0.000179744, 0.024211, 0.0348413], 
              [0.833447, 0.027539, 0.130758, 0.00825528], 
              [0.945586, 0.0240755, 0.0291223, 0.00121671], 
              [0.00647103, 0.00231327, 0.987386, 0.0038289], 
              [0.0270691, 0.00925426, 0.498316, 0.465361], 
              [0.0645946, 0.150462, 0.0649101, 0.720033], 
              [0.0580162, 0.843458, 0.0269824, 0.0715427], 
              [0.946288, 0.0078863, 0.0296561, 0.01617]
            ]
          }, {
            "db": 0,
            "id": "6-CGGCGGCGGCGGCGGC",
            "alt": "STREME-6",
            "len": 16,
            "nsites": 607,
            "evalue": "9.5e-006",
            "pwm": [
              [0.0912489, 0.685249, 0.132842, 0.0906596], 
              [0.171068, 0.0560444, 0.768948, 0.00394029], 
              [0.0212409, 0.000125376, 0.978538, 9.56464e-05], 
              [0.0491798, 0.871598, 0.0163015, 0.0629208], 
              [0.0348123, 0.000125376, 0.964967, 9.56464e-05], 
              [0.0286034, 0.000125376, 0.971175, 9.56464e-05], 
              [9.56464e-05, 0.872405, 0.000125376, 0.127373], 
              [0.0821646, 0.108571, 0.785303, 0.023961], 
              [0.0596868, 0.000125376, 0.940092, 9.56464e-05], 
              [0.0500753, 0.896362, 0.000125376, 0.0534376], 
              [0.12348, 0.000125376, 0.836257, 0.0401376], 
              [0.0555153, 0.00693138, 0.924002, 0.0135517], 
              [0.0574381, 0.836252, 0.0155038, 0.0908058], 
              [0.0732777, 0.0135815, 0.821897, 0.0912436], 
              [0.0508741, 0.0791189, 0.869912, 9.56464e-05], 
              [9.56464e-05, 0.793332, 0.138232, 0.0683397]
            ]
          }, {
            "db": 0,
            "id": "7-RMSATGGCGGCSGC",
            "alt": "STREME-7",
            "len": 14,
            "nsites": 329,
            "evalue": "1.1e-005",
            "pwm": [
              [0.603563, 0.00932112, 0.336839, 0.0502786], 
              [0.578519, 0.338357, 0.0313269, 0.0517968], 
              [0.024461, 0.465926, 0.482114, 0.0274982], 
              [0.984233, 0.000209001, 0.0153957, 0.000162026], 
              [0.000162026, 0.000209001, 0.000209001, 0.99942], 
              [0.000162026, 0.0123583, 0.987318, 0.000162026], 
              [0.0123113, 0.000209001, 0.978206, 0.00927404], 
              [0.0791329, 0.865824, 0.000209001, 0.0548342], 
              [0.0609089, 0.0153957, 0.832413, 0.0912822], 
              [0.145955, 0.0488067, 0.726106, 0.0791328], 
              [0.192775, 0.73092, 0.018433, 0.0578714], 
              [0.0517967, 0.363172, 0.477302, 0.10773], 
              [0.121656, 0.209787, 0.582089, 0.0864683], 
              [0.189738, 0.557791, 0.136889, 0.115581]
            ]
          }, {
            "db": 0,
            "id": "8-YARCCAATSRGM",
            "alt": "STREME-8",
            "len": 12,
            "nsites": 441,
            "evalue": "1.2e-005",
            "pwm": [
              [0.0191237, 0.452356, 0.14792, 0.380599], 
              [0.706816, 0.000175501, 0.292875, 0.000133544], 
              [0.355528, 0.00831438, 0.589904, 0.0462528], 
              [0.000133544, 0.87794, 0.000175501, 0.121751], 
              [0.000133544, 0.98328, 0.000175501, 0.016411], 
              [0.999515, 0.000175501, 0.000175501, 0.000133544], 
              [0.999515, 0.000175501, 0.000175501, 0.000133544], 
              [0.000133544, 0.000175501, 0.000175501, 0.999515], 
              [0.136442, 0.53663, 0.301253, 0.0256752], 
              [0.645003, 0.0245913, 0.330271, 0.000133544], 
              [0.202678, 0.204369, 0.498331, 0.0946229], 
              [0.473616, 0.328291, 0.106643, 0.0914493]
            ]
          }, {
            "db": 0,
            "id": "9-RACTACAWYTCCCAGMA",
            "alt": "STREME-9",
            "len": 17,
            "nsites": 135,
            "evalue": "3.0e-005",
            "pwm": [
              [0.474915, 0.041448, 0.483219, 0.00041685], 
              [0.998497, 0.000543375, 0.000543375, 0.00041685], 
              [0.00041685, 0.965899, 0.0332673, 0.00041685], 
              [0.00859778, 0.0250861, 0.000543375, 0.965773], 
              [0.875782, 0.0578099, 0.0169053, 0.0495027], 
              [0.00041685, 0.998622, 0.000543375, 0.00041685], 
              [0.883963, 0.0496289, 0.0169053, 0.0495024], 
              [0.548542, 0.0659907, 0.041448, 0.344019], 
              [0.196759, 0.262335, 0.0496289, 0.491276], 
              [0.106769, 0.041448, 0.00872429, 0.843059], 
              [0.00859778, 0.933176, 0.033267, 0.0249596], 
              [0.00041685, 0.998622, 0.000543375, 0.00041685], 
              [0.00041685, 0.974081, 0.000543375, 0.0249596], 
              [0.908506, 0.000543375, 0.0823526, 0.00859778], 
              [0.106769, 0.0823526, 0.745014, 0.0658642], 
              [0.50764, 0.303239, 0.131438, 0.0576833], 
              [0.663078, 0.033267, 0.22961, 0.0740451]
            ]
          }
        ],
        "targets": [
          {
            "db": 0,
            "id": "MA0017.3",
            "alt": "NR2F1",
            "len": 12,
            "nsites": 12059,
            "url": "http://jaspar.elixir.no/matrix/MA0017.3",
            "pwm": [
              [0.602535, 0.140311, 0.0956143, 0.16154], 
              [0.525209, 0.0320968, 0.403797, 0.0388968], 
              [0.691459, 2.07312e-06, 0.308537, 2.07312e-06], 
              [2.07312e-06, 0.00248405, 0.997512, 2.07312e-06], 
              [2.07312e-06, 2.07312e-06, 0.999994, 2.07312e-06], 
              [2.07312e-06, 2.07312e-06, 2.07312e-06, 0.999994], 
              [2.07312e-06, 0.999994, 2.07312e-06, 2.07312e-06], 
              [0.992504, 2.07312e-06, 0.00749201, 2.07312e-06], 
              [0.424246, 0.253338, 0.134175, 0.188242], 
              [0.267767, 0.245957, 0.364457, 0.121819], 
              [0.271664, 0.204826, 0.322248, 0.20126], 
              [0.116125, 0.0595246, 0.753502, 0.0708485]
            ]
          }, {
            "db": 0,
            "id": "MA0028.3",
            "alt": "ELK1",
            "len": 9,
            "nsites": 67234,
            "url": "http://jaspar.elixir.no/matrix/MA0028.3",
            "pwm": [
              [0.681306, 0.0409023, 0.192745, 0.0850462], 
              [0.0249703, 0.939861, 0.0303253, 0.00484236], 
              [0.00776336, 0.990506, 0.00127637, 0.000454371], 
              [3.71835e-07, 0.000458371, 0.998974, 0.000567371], 
              [8.63717e-05, 0.000880371, 0.983721, 0.0153123], 
              [0.993062, 0.00505136, 0.00134437, 0.000542371], 
              [0.94711, 0.00688536, 0.00124137, 0.0447643], 
