<!DOCTYPE HTML>
<html>
  <head>
    <meta charset="UTF-8">
    <title>Tomtom Results</title>
    <script>
      // @JSON_VAR data
      var data = {
        "program": "Tomtom",
        "version": "5.4.1",
        "release": "Sat Aug 21 19:23:23 2021 -0700",
        "cmd": [
          "tomtom", "-verbosity", "1", "-oc",
          "/ocean/projects/bio230007p/sujathab/Motif_analysis/output/meme_chip_human_specific_enhancer/meme_tomtom_out",
          "-min-overlap", "5", "-dist", "pearson", "-evalue", "-thresh", "1",
          "-no-ssc",
          "/ocean/projects/bio230007p/sujathab/Motif_analysis/output/meme_chip_human_specific_enhancer/meme_out/meme.xml",
          "/ocean/projects/bio230007p/sujathab/motif_dbs/JASPAR2026_vertebrates_combined.meme"
        ],
        "options": {
          "strands": "both",
          "distance_measure": "pearson",
          "threshold_type": "evalue",
          "threshold_value": 1,
          "background_source": "--query--"
        },
        "alphabet": {
          "name": "DNA",
          "like": "dna",
          "ncore": 4,
          "symbols": [
            {
              "symbol": "A",
              "name": "Adenine",
              "colour": "CC0000",
              "complement": "T"
            }, {
              "symbol": "C",
              "name": "Cytosine",
              "colour": "0000CC",
              "complement": "G"
            }, {
              "symbol": "G",
              "name": "Guanine",
              "colour": "FFB300",
              "complement": "C"
            }, {
              "symbol": "T",
              "aliases": "U",
              "name": "Thymine",
              "colour": "008000",
              "complement": "A"
            }, {
              "symbol": "N",
              "aliases": "X.",
              "name": "Any base",
              "equals": "ACGT"
            }, {
              "symbol": "V",
              "name": "Not T",
              "equals": "ACG"
            }, {
              "symbol": "H",
              "name": "Not G",
              "equals": "ACT"
            }, {
              "symbol": "D",
              "name": "Not C",
              "equals": "AGT"
            }, {
              "symbol": "B",
              "name": "Not A",
              "equals": "CGT"
            }, {
              "symbol": "M",
              "name": "Amino",
              "equals": "AC"
            }, {
              "symbol": "R",
              "name": "Purine",
              "equals": "AG"
            }, {
              "symbol": "W",
              "name": "Weak",
              "equals": "AT"
            }, {
              "symbol": "S",
              "name": "Strong",
              "equals": "CG"
            }, {
              "symbol": "Y",
              "name": "Pyrimidine",
              "equals": "CT"
            }, {
              "symbol": "K",
              "name": "Keto",
              "equals": "GT"
            }
          ]
        },
        "background": [0.267, 0.233, 0.233, 0.267],
        "query_dbs": [
          {
            "source": "/ocean/projects/bio230007p/sujathab/Motif_analysis/output/meme_chip_human_specific_enhancer/meme_out/meme.xml",
            "name": "meme.xml",
            "loaded": 10,
            "excluded": 0,
            "last_modified": "Thu Apr  9 00:00:38 2026"
          }
        ],
        "target_dbs": [
          {
            "source": "/ocean/projects/bio230007p/sujathab/motif_dbs/JASPAR2026_vertebrates_combined.meme",
            "name": "JASPAR2026_vertebrates_combined",
            "loaded": 1019,
            "excluded": 0,
            "last_modified": "Tue Apr  7 23:54:07 2026"
          }
        ],
        "queries": [
          {
            "db": 0,
            "id": "CACACACACACACACACACA",
            "alt": "MEME-3",
            "len": 20,
            "nsites": 347,
            "evalue": "9.5e-031",
            "pwm": [
              [0.0231253, 0.783703, 0.0951407, 0.0980317], 
              [0.910478, 0.0115908, 0.0720924, 0.00583926], 
              [0.069221, 0.898943, 0.0029483, 0.0288866], 
              [0.875906, 0.0202343, 0.0980219, 0.00583926], 
              [0.00583926, 0.740488, 0.132594, 0.121079], 
              [0.852857, 0.00871064, 0.0836161, 0.0548161], 
              [0.00583926, 0.844204, 0.00871064, 0.141246], 
              [0.979622, 6.71276e-05, 0.0173531, 0.00295809], 
              [0.00295809, 0.740488, 0.118189, 0.138366], 
              [0.786594, 0.049044, 0.0893784, 0.0749833], 
              [0.00872043, 0.968088, 0.014472, 0.00872043], 
              [0.939287, 0.0375203, 0.0173531, 0.00583926], 
              [0.0116006, 0.766417, 0.115308, 0.106674], 
              [0.8615, 0.0548064, 0.0778547, 0.00583926], 
              [0.0144818, 0.959445, 0.00582947, 0.0202441], 
              [0.878787, 0.049044, 0.0576875, 0.0144818], 
              [0.0634597, 0.711678, 0.109546, 0.115318], 
              [0.884548, 0.0893784, 0.0202343, 0.00583926], 
              [0.0116006, 0.826918, 0.014472, 0.147009], 
              [0.881667, 0.00871064, 0.0115908, 0.0980317]
            ]
          }, {
            "db": 0,
            "id": "CCCGCCGC",
            "alt": "MEME-7",
            "len": 8,
            "nsites": 8,
            "evalue": "5.9e+007",
            "pwm": [
              [0.0032963, 0.867074, 0.126333, 0.0032963], 
              [0.0032963, 0.990531, 0.00287654, 0.0032963], 
              [0.0032963, 0.990531, 0.00287654, 0.0032963], 
              [0.0032963, 0.00287654, 0.990531, 0.0032963], 
              [0.0032963, 0.990531, 0.00287654, 0.0032963], 
              [0.0032963, 0.990531, 0.00287654, 0.0032963], 
              [0.0032963, 0.24979, 0.743617, 0.0032963], 
              [0.0032963, 0.990531, 0.00287654, 0.0032963]
            ]
          }, {
            "db": 0,
            "id": "CNCSTGGGGGCTGGG",
            "alt": "MEME-10",
            "len": 15,
            "nsites": 17,
            "evalue": "7.2e+006",
            "pwm": [
              [0.0015614, 0.761597, 0.235281, 0.0015614], 
              [0.235479, 0.235281, 0.176802, 0.352438], 
              [0.0015614, 0.703117, 0.176802, 0.11852], 
              [0.0015614, 0.527679, 0.469199, 0.0015614], 
              [0.11852, 0.00136257, 0.00136257, 0.878754], 
              [0.0015614, 0.00136257, 0.995515, 0.0015614], 
              [0.0015614, 0.00136257, 0.995515, 0.0015614], 
              [0.0015614, 0.176802, 0.820076, 0.0015614], 
              [0.177, 0.0598426, 0.527679, 0.235479], 
              [0.235479, 0.00136257, 0.761597, 0.0015614], 
              [0.0015614, 0.995515, 0.00136257, 0.0015614], 
              [0.0015614, 0.0598426, 0.00136257, 0.937233], 
              [0.0015614, 0.235281, 0.761597, 0.0015614], 
              [0.0015614, 0.00136257, 0.995515, 0.0015614], 
              [0.0015614, 0.293761, 0.644638, 0.0600414]
            ]
          }, {
            "db": 0,
            "id": "GGGGGGGKGGGGGGGGGGGG",
            "alt": "MEME-2",
            "len": 20,
            "nsites": 453,
            "evalue": "3.9e-045",
            "pwm": [
              [0.090547, 0.16337, 0.620224, 0.125859], 
              [0.203105, 0.0662618, 0.587118, 0.143515], 
              [0.0861329, 0.00225894, 0.721746, 0.189862], 
              [5.89274e-05, 0.0441917, 0.85196, 0.103789], 
              [0.218554, 0.128058, 0.507665, 0.145722], 
              [0.247245, 0.108196, 0.644501, 5.89274e-05], 
              [5.89274e-05, 0.101574, 0.805614, 0.0927535], 
              [5.89274e-05, 0.00225894, 0.558427, 0.439256], 
              [5.89274e-05, 0.0397777, 0.960104, 5.89274e-05], 
              [0.0861329, 0.0662618, 0.847546, 5.89274e-05], 
              [0.183241, 5.14235e-05, 0.653329, 0.163378], 
              [5.89274e-05, 0.0839179, 0.832098, 0.0839254], 
              [0.165585, 0.0817114, 0.53415, 0.218554], 
              [5.89274e-05, 0.00225894, 0.710712, 0.286972], 
              [0.13248, 0.0309496, 0.717332, 0.119238], 
              [0.0817189, 0.00225894, 0.915964, 5.89274e-05], 
              [0.203105, 0.136886, 0.65995, 5.89274e-05], 
              [0.21414, 5.14235e-05, 0.635673, 0.150136], 
              [0.147929, 0.0706758, 0.662157, 0.119238], 
              [0.0817189, 0.147922, 0.670985, 0.099375]
            ]
          }, {
            "db": 0,
            "id": "GMCCWGGCTGKCCTBGAACT",
            "alt": "MEME-6",
            "len": 20,
            "nsites": 155,
            "evalue": "1.2e+003",
            "pwm": [
              [0.045304, 0.180679, 0.754503, 0.0195147], 
              [0.296755, 0.522394, 0.0194927, 0.161358], 
              [0.0581997, 0.70937, 0.0130449, 0.219386], 
              [0.142016, 0.573974, 0.0839672, 0.200043], 
              [0.554653, 0.0130449, 0.0646246, 0.367677], 
              [0.045304, 0.0194927, 0.883451, 0.0517519], 
              [0.045304, 0.0130449, 0.909241, 0.0324093], 
              [0.174254, 0.760949, 0.0194927, 0.045304], 
              [0.0195147, 0.109757, 0.0839672, 0.786762], 
              [0.245175, 0.000150226, 0.754503, 0.000172147], 
              [0.180701, 0.0323874, 0.438577, 0.348335], 
              [0.0259615, 0.915689, 0.0130449, 0.045304], 
              [0.0259615, 0.70937, 0.0710725, 0.193595], 
              [0.0130668, 0.0130449, 0.000150226, 0.973738], 
              [0.0259615, 0.212916, 0.399892, 0.361229], 
              [0.0710944, 0.0517299, 0.760949, 0.116226], 
              [0.922158, 0.0259396, 0.0259396, 0.0259615], 
              [0.760971, 0.0968618, 0.0388353, 0.103332], 
              [0.0259615, 0.812529, 0.122652, 0.0388572], 
              [0.0130668, 0.0323874, 0.000150226, 0.954396]
            ]
          }, {
            "db": 0,
            "id": "RCCACYAGRKGGCRS",
            "alt": "MEME-5",
            "len": 15,
            "nsites": 746,
            "evalue": "2.8e-030",
            "pwm": [
              [0.392744, 0.0737483, 0.34583, 0.187679], 
              [0.0147788, 0.83504, 0.0482818, 0.101899], 
              [3.57861e-05, 0.998557, 0.00137105, 3.57861e-05], 
              [0.896699, 0.00405169, 0.0268376, 0.0724121], 
              [0.0442659, 0.654099, 0.300259, 0.00137561], 
              [0.213144, 0.333766, 0.00271187, 0.450377], 
              [0.962373, 0.0228162, 0.0134344, 0.00137561], 
              [0.0161196, 3.12291e-05, 0.983813, 3.57861e-05], 
              [0.589769, 0.00137105, 0.408823, 3.57861e-05], 
              [3.57861e-05, 0.00271187, 0.470477, 0.526775], 
              [0.00271643, 3.12291e-05, 0.997217, 3.57861e-05], 
              [0.0335433, 0.0389, 0.816276, 0.111281], 
              [0.132726, 0.753281, 3.12291e-05, 0.113962], 
              [0.544199, 0.00137105, 0.404803, 0.0496271], 
              [0.158192, 0.461095, 0.360573, 0.0201401]
            ]
          }, {
            "db": 0,
            "id": "SCMCGMRGCSMGCC",
            "alt": "MEME-8",
            "len": 14,
            "nsites": 2,
            "evalue": "8.5e+007",
            "pwm": [
              [0.0127143, 0.487286, 0.487286, 0.0127143], 
              [0.0127143, 0.963476, 0.0110952, 0.0127143], 
              [0.488905, 0.487286, 0.0110952, 0.0127143], 
              [0.0127143, 0.963476, 0.0110952, 0.0127143], 
              [0.0127143, 0.0110952, 0.963476, 0.0127143], 
              [0.488905, 0.487286, 0.0110952, 0.0127143], 
              [0.488905, 0.0110952, 0.487286, 0.0127143], 
              [0.0127143, 0.0110952, 0.963476, 0.0127143], 
              [0.0127143, 0.963476, 0.0110952, 0.0127143], 
              [0.0127143, 0.487286, 0.487286, 0.0127143], 
              [0.488905, 0.487286, 0.0110952, 0.0127143], 
              [0.0127143, 0.0110952, 0.963476, 0.0127143], 
              [0.0127143, 0.963476, 0.0110952, 0.0127143], 
              [0.0127143, 0.963476, 0.0110952, 0.0127143]
            ]
          }, {
            "db": 0,
            "id": "TCTCYCTCTYYCTCTYYCTC",
            "alt": "MEME-4",
            "len": 20,
            "nsites": 623,
            "evalue": "7.1e-025",
            "pwm": [
              [0.0754717, 3.73937e-05, 0.160526, 0.763965], 
              [0.00164759, 0.617916, 0.250398, 0.130038], 
              [0.0562138, 0.271262, 0.118798, 0.553726], 
              [0.00164759, 0.640384, 0.0513932, 0.306575], 
              [4.28503e-05, 0.367554, 0.00645736, 0.625945], 
              [0.118804, 0.710998, 0.170154, 4.28503e-05], 
              [4.28503e-05, 0.272867, 0.00164214, 0.725448], 
              [4.28503e-05, 0.791242, 0.00164214, 0.207073], 
              [0.00485708, 0.274471, 3.73937e-05, 0.720633], 
              [4.28503e-05, 0.471872, 0.203857, 0.324229], 
              [0.0481891, 0.420516, 3.73937e-05, 0.531258], 
              [0.0417702, 0.767169, 3.73937e-05, 0.191023], 
              [0.080287, 0.186204, 0.0818863, 0.651623], 
              [0.110779, 0.619521, 0.269657, 4.28503e-05], 
              [0.00646282, 0.22793, 0.15571, 0.609897], 
              [0.0465844, 0.523227, 0.134847, 0.29534], 
              [0.0979401, 0.345086, 3.73937e-05, 0.556935], 
              [0.00485708, 0.765565, 0.110774, 0.118804], 
              [0.191023, 0.00164214, 3.73937e-05, 0.807297], 
              [4.28503e-05, 0.617916, 0.258423, 0.123619]
            ]
          }, {
            "db": 0,
            "id": "TCYSSSGSSMCGSC",
            "alt": "MEME-9",
            "len": 14,
            "nsites": 2,
            "evalue": "8.5e+007",
            "pwm": [
              [0.0127143, 0.0110952, 0.0110952, 0.965095], 
              [0.0127143, 0.963476, 0.0110952, 0.0127143], 
              [0.0127143, 0.487286, 0.0110952, 0.488905], 
              [0.0127143, 0.487286, 0.487286, 0.0127143], 
              [0.0127143, 0.487286, 0.487286, 0.0127143], 
              [0.0127143, 0.487286, 0.487286, 0.0127143], 
              [0.0127143, 0.0110952, 0.963476, 0.0127143], 
              [0.0127143, 0.487286, 0.487286, 0.0127143], 
              [0.0127143, 0.487286, 0.487286, 0.0127143], 
              [0.488905, 0.487286, 0.0110952, 0.0127143], 
              [0.0127143, 0.963476, 0.0110952, 0.0127143], 
              [0.0127143, 0.0110952, 0.963476, 0.0127143], 
              [0.0127143, 0.487286, 0.487286, 0.0127143], 
              [0.0127143, 0.963476, 0.0110952, 0.0127143]
            ]
          }, {
            "db": 0,
            "id": "TTTKTTTTTBTTTTTTTTTT",
            "alt": "MEME-1",
            "len": 20,
            "nsites": 1132,
            "evalue": "1.5e-055",
            "pwm": [
              [0.120154, 0.0662687, 2.05812e-05, 0.813556], 
              [2.35845e-05, 0.233216, 0.220849, 0.545911], 
              [0.0238735, 2.05812e-05, 2.05812e-05, 0.976085], 
              [0.160786, 0.116618, 0.299464, 0.423131], 
              [0.0433058, 0.0821683, 0.136934, 0.737591], 
              [2.35845e-05, 0.157251, 0.174033, 0.668693], 
              [0.166087, 0.0088538, 0.0786356, 0.746424], 
              [0.15107, 0.101602, 0.0724522, 0.674876], 
              [2.35845e-05, 0.0503691, 0.201416, 0.74819], 
              [0.145771, 0.18905, 0.290631, 0.374548], 
              [2.35845e-05, 0.172266, 2.05812e-05, 0.827689], 
              [0.0918885, 0.0221036, 0.0327037, 0.853305], 
              [0.0910045, 2.05812e-05, 0.179334, 0.729641], 
              [2.35845e-05, 0.176683, 0.220849, 0.602443], 
              [0.123688, 0.141351, 0.0653858, 0.669575], 
              [0.191703, 0.000903503, 0.171383, 0.636009], 
              [0.114854, 0.127217, 2.05812e-05, 0.757908], 
              [0.0441897, 0.1599, 0.126334, 0.669575], 
              [0.203186, 2.05812e-05, 0.119268, 0.677526], 
              [0.19082, 0.063619, 0.0609692, 0.684592]
            ]
          }
        ],
        "targets": [
          {
            "db": 0,
            "id": "MA0039.5",
            "alt": "KLF4",
            "len": 8,
            "nsites": 55817,
            "url": "http://jaspar.elixir.no/matrix/MA0039.5",
            "pwm": [
              [0.0441624, 0.881612, 0.0283614, 0.0458644], 
              [0.0377134, 0.857533, 0.0217504, 0.0830033], 
              [0.125786, 0.813461, 0.0254764, 0.0352764], 
              [0.0210154, 0.947291, 0.0142074, 0.0174864], 
              [0.81699, 0.00288441, 0.118208, 0.0619174], 
              [0.0152645, 0.938172, 0.0263364, 0.0202274], 
              [0.0289704, 0.915706, 0.0335024, 0.0218214], 
              [0.0215354, 0.914505, 0.0180054, 0.0459544]
            ]
          }, {
            "db": 0,
            "id": "MA0073.2",
            "alt": "RREB1",
            "len": 19,
            "nsites": 11,
            "url": "http://jaspar.elixir.no/matrix/MA0073.2",
            "pwm": [
              [0.272675, 0.72282, 0.0020991, 0.0024054], 
              [0.0924954, 0.903, 0.0020991, 0.0024054], 
              [0.272675, 0.72282, 0.0020991, 0.0024054], 
              [0.0024054, 0.99309, 0.0020991, 0.0024054], 
              [0.633036, 0.362459, 0.0020991, 0.0024054], 
              [0.813216, 0.182279, 0.0020991, 0.0024054], 
              [0.723126, 0.272369, 0.0020991, 0.0024054], 
              [0.362765, 0.54264, 0.0020991, 0.0924954], 
              [0.0024054, 0.99309, 0.0020991, 0.0024054], 
              [0.993396, 0.0020991, 0.0020991, 0.0024054], 
              [0.362765, 0.63273, 0.0020991, 0.0024054], 
              [0.0924954, 0.903, 0.0020991, 0.0024054], 
              [0.272675, 0.72282, 0.0020991, 0.0024054], 
              [0.362765, 0.54264, 0.0921891, 0.0024054], 
              [0.182585, 0.81291, 0.0020991, 0.0024054], 
              [0.362765, 0.452549, 0.0020991, 0.182585], 
              [0.362765, 0.452549, 0.0921891, 0.0924954], 
              [0.362765, 0.54264, 0.0020991, 0.0924954], 
              [0.0924954, 0.63273, 0.272369, 0.0024054]
            ]
          }, {
            "db": 0,
            "id": "MA0079.5",
            "alt": "SP1",
            "len": 9,
            "nsites": 1000,
            "url": "http://jaspar.elixir.no/matrix/MA0079.5",
            "pwm": [
              [0.00108159, 0.00107819, 0.95035, 0.04749], 
              [0.00108159, 0.00107819, 0.996759, 0.00108159], 
              [0.00108159, 0.00107819, 0.996759, 0.00108159], 
              [0.00108159, 0.00107819, 0.996759, 0.00108159], 
              [0.266878, 0.730962, 0.00107819, 0.00108159], 
              [0.00108159, 0.00107819, 0.996759, 0.00108159], 
              [0.00108159, 0.0854578, 0.912379, 0.00108159], 
              [0.25422, 0.0517061, 0.65924, 0.0348332], 
              [0.161403, 0.00107819, 0.836438, 0.00108159]
            ]
          }, {
            "db": 0,
            "id": "MA0080.7",
            "alt": "Spi1",
            "len": 13,
            "nsites": 105198,
            "url": "http://jaspar.elixir.no/matrix/MA0080.7",
            "pwm": [
              [0.632436, 0.0652392, 0.216801, 0.0855242], 
              [0.782144, 0.0547352, 0.100895, 0.0622262], 
              [0.774359, 0.0221492, 0.0971501, 0.106342], 
              [0.0820932, 0.115981, 0.760337, 0.0415882], 
              [0.855072, 0.0246582, 0.0915991, 0.0286702], 
              [0.0387552, 0.00522822, 0.944504, 0.0115122], 
              [0.0192782, 0.00789921, 0.963734, 0.00908825], 
              [0.969713, 0.0104092, 0.0101052, 0.00977224], 
              [0.94611, 0.00910721, 0.0173202, 0.0274622], 
              [0.0723972, 0.0671782, 0.847354, 0.0130712], 
              [0.161572, 0.0353242, 0.0487462, 0.754358], 
              [0.0947932, 0.0577482, 0.792647, 0.0548112], 
              [0.220479, 0.11005, 0.548195, 0.121276]
            ]
          }, {
            "db": 0,
            "id": "MA0081.3",
            "alt": "SPIB",
            "len": 13,
            "nsites": 26930,
            "url": "http://jaspar.elixir.no/matrix/MA0081.3",
            "pwm": [
              [0.0809137, 0.23873, 0.118567, 0.561789], 
              [0.0140749, 0.890121, 0.0639066, 0.0318989], 
              [0.903043, 0.0229868, 0.0248428, 0.0491278], 
              [0.00887596, 0.844038, 0.0934275, 0.0536588], 
              [0.0167109, 0.00876383, 0.00583084, 0.968694], 
              [0.00705597, 0.00742784, 0.00902383, 0.976492], 
              [0.00764996, 0.970847, 0.00568184, 0.0158199], 
              [0.010213, 0.946599, 0.00479085, 0.0383968], 
              [0.0321209, 0.167731, 0.0679176, 0.73223], 
              [0.0378769, 0.74686, 0.0860015, 0.129262], 
              [0.184293, 0.145637, 0.0290018, 0.641068], 
              [0.105385, 0.201448, 0.0774976, 0.615669], 
              [0.154437, 0.223877, 0.0894545, 0.532231]
            ]
          }, {
            "db": 0,
            "id": "MA0139.2",
            "alt": "CTCF",
            "len": 15,
            "nsites": 913,
            "url": "http://jaspar.elixir.no/matrix/MA0139.2",
            "pwm": [
              [0.307773, 0.0536886, 0.491757, 0.146782], 
              [0.0613585, 0.876162, 0.023024, 0.0394549], 
              [0.00879028, 0.988964, 2.55175e-05, 0.00222], 
              [0.814836, 0.014263, 0.0712117, 0.0996893], 
              [0.0438364, 0.578275, 0.365812, 0.0120759], 
              [0.117341, 0.474755, 0.0526518, 0.355253], 
              [0.933041, 0.0120852, 0.0351097, 0.0197641], 
              [0.00551664, 2.55175e-05, 0.991135, 0.00332188], 
              [0.365521, 0.00331816, 0.621252, 0.00990716], 
              [0.0592987, 0.0131961, 0.553203, 0.374302], 
              [0.0132148, 2.55175e-05, 0.97794, 0.00881928], 
              [0.0615605, 0.00881555, 0.85158, 0.0780427], 
              [0.114428, 0.806318, 0.00552592, 0.0737282], 
              [0.409225, 0.014325, 0.55772, 0.0187292], 
              [0.0903274, 0.530804, 0.338094, 0.0407738]
            ]
          }, {
            "db": 0,
            "id": "MA0505.3",
            "alt": "Nr5a2",
            "len": 9,
            "nsites": 30542,
            "url": "http://jaspar.elixir.no/matrix/MA0505.3",
            "pwm": [
              [0.131622, 0.102089, 0.0754045, 0.690884], 
              [0.0665317, 0.0284537, 0.8892, 0.0158148], 
              [0.651168, 0.0387996, 0.220549, 0.0894836], 
              [0.0107078, 0.977472, 0.00406075, 0.00776085], 
              [0.00979084, 0.973543, 0.00543575, 0.0112308], 
              [0.0119188, 0.0227237, 0.0117547, 0.953603], 
              [0.00870985, 0.0110677, 0.00933173, 0.970891], 
              [0.0111328, 0.0284857, 0.949838, 0.0105438], 
              [0.863399, 0.0211187, 0.0786465, 0.0368358]
            ]
          }, {
            "db": 0,
            "id": "MA0516.3",
            "alt": "SP2",
            "len": 9,
            "nsites": 1000,
            "url": "http://jaspar.elixir.no/matrix/MA0516.3",
            "pwm": [
              [0.153237, 0.000756224, 0.766076, 0.0799307], 
              [0.167899, 0.000756224, 0.830585, 0.000759624], 
              [0.000759624, 0.000756224, 0.997725, 0.000759624], 
              [0.000759624, 0.000756224, 0.997725, 0.000759624], 
              [0.112185, 0.886299, 0.000756224, 0.000759624], 
              [0.000759624, 0.000756224, 0.997725, 0.000759624], 
              [0.000759624, 0.000756224, 0.974266, 0.0242183], 
              [0.120983, 0.000756224, 0.877502, 0.000759624], 
              [0.206018, 0.164963, 0.610666, 0.0183529]
            ]
          }, {
            "db": 0,
            "id": "MA0685.2",
            "alt": "SP4",
            "len": 9,
            "nsites": 999,
            "url": "http://jaspar.elixir.no/matrix/MA0685.2",
            "pwm": [
              [0.14905, 0.000710252, 0.654491, 0.195749], 
              [0.000713655, 0.000710252, 0.997863, 0.000713655], 
              [0.000713655, 0.000710252, 0.997863, 0.000713655], 
              [0.000713655, 0.000710252, 0.997863, 0.000713655], 
              [0.275411, 0.723165, 0.000710252, 0.000713655], 
              [0.000713655, 0.000710252, 0.997863, 0.000713655], 
              [0.000713655, 0.000710252, 0.920947, 0.077629], 
              [0.289146, 0.000710252, 0.659985, 0.0501587], 
              [0.000713655, 0.000710252, 0.997863, 0.000713655]
            ]
          }, {
            "db": 0,
            "id": "MA0740.2",
            "alt": "KLF14",
            "len": 9,
            "nsites": 999,
            "url": "http://jaspar.elixir.no/matrix/MA0740.2",
            "pwm": [
              [0.0311816, 0.000659257, 0.619486, 0.348673], 
              [0.00066266, 0.000659257, 0.998015, 0.00066266], 
              [0.00066266, 0.000659257, 0.998015, 0.00066266], 
              [0.00066266, 0.000659257, 0.998015, 0.00066266], 
              [0.0949222, 0.814334, 0.000659257, 0.0900847], 
              [0.00066266, 0.000659257, 0.998015, 0.00066266], 
              [0.00066266, 0.000659257, 0.717849, 0.280829], 
              [0.107721, 0.000659257, 0.890957, 0.00066266], 
              [0.198621, 0.0621051, 0.738611, 0.00066266]
            ]
          }, {
            "db": 0,
            "id": "MA0742.2",
            "alt": "KLF12",
            "len": 9,
            "nsites": 999,
            "url": "http://jaspar.elixir.no/matrix/MA0742.2",
            "pwm": [
              [0.101965, 0.000672256, 0.709692, 0.18767], 
              [0.0863821, 0.000672256, 0.91227, 0.000675659], 
              [0.000675659, 0.000672256, 0.997975, 0.000675659], 
              [0.000675659, 0.000672256, 0.997975, 0.000675659], 
              [0.047425, 0.951227, 0.000672256, 0.000675659], 
              [0.000675659, 0.000672256, 0.997975, 0.000675659], 
              [0.00587014, 0.0785865, 0.725276, 0.190268], 
              [0.0682019, 0.000672256, 0.930449, 0.000675659], 
              [0.000675659, 0.000672256, 0.969407, 0.0292448]
            ]
          }, {
            "db": 0,
            "id": "MA0747.2",
            "alt": "SP8",
            "len": 11,
            "nsites": 171,
            "url": "http://jaspar.elixir.no/matrix/MA0747.2",
            "pwm": [
              [0.31576, 0.660569, 0.000136178, 0.0235344], 
              [0.122036, 0.814294, 0.000136178, 0.063534], 
              [0.786678, 0.195288, 0.00604972, 0.0119831], 
              [0.0390223, 0.927372, 0.00568893, 0.0279178], 
              [0.0933855, 0.138115, 0.622906, 0.145593], 
              [0.0279178, 0.927372, 0.0334497, 0.0112606], 
              [0.0117773, 0.970499, 0.017568, 0.000156049], 
              [0.000156049, 0.89746, 0.0216286, 0.0807539], 
              [0.511221, 0.43738, 0.0342073, 0.0171911], 
              [0.0542914, 0.695562, 0.087585, 0.162561], 
              [0.186794, 0.313206, 0.00615666, 0.493843]
            ]
          }, {
            "db": 0,
            "id": "MA0753.3",
            "alt": "ZNF740",
            "len": 10,
            "nsites": 1201,
            "url": "http://jaspar.elixir.no/matrix/MA0753.3",
            "pwm": [
              [0.0499761, 0.878381, 0.0308248, 0.0408178], 
              [0.0932345, 0.894013, 0.0118824, 0.000869159], 
              [0.0164889, 0.965172, 0.00367909, 0.01466], 
              [0.0200386, 0.959903, 0.00638787, 0.0136701], 
              [0.0210825, 0.966056, 0.00276617, 0.0100944], 
              [0.00929746, 0.978602, 0.00651286, 0.00558777], 
              [0.00190307, 0.992411, 0.00284116, 0.00284399], 
              [0.0974721, 0.894013, 0.00510398, 0.00341195], 
              [0.705178, 0.159765, 0.0454706, 0.0895868], 
              [0.132533, 0.675379, 0.0345875, 0.157499]
            ]
          }, {
            "db": 0,
            "id": "MA1125.2",
            "alt": "ZNF384",
            "len": 8,
            "nsites": 30433,
            "url": "http://jaspar.elixir.no/matrix/MA1125.2",
            "pwm": [
              [0.997402, 0.000230765, 0.000427764, 0.00193987], 
              [0.992046, 0.00115076, 0.000624764, 0.00617886], 
              [0.988136, 0.000690763, 0.000854763, 0.0103188], 
              [0.994051, 0.000427764, 0.000493764, 0.00502786], 
              [0.992408, 0.000854763, 0.000460764, 0.00627686], 
              [0.999111, 0.000197765, 7.65614e-07, 0.000690875], 
              [0.667761, 0.0955545, 0.0909215, 0.145763], 
              [0.621561, 0.13022, 0.0952265, 0.152992]
            ]
          }, {
            "db": 0,
            "id": "MA1511.2",
            "alt": "KLF10",
            "len": 9,
            "nsites": 999,
            "url": "http://jaspar.elixir.no/matrix/MA1511.2",
            "pwm": [
              [0.0752622, 0.00083224, 0.81952, 0.104385], 
              [0.000835643, 0.00083224, 0.997496, 0.000835643], 
              [0.000835643, 0.00083224, 0.997496, 0.000835643], 
              [0.000835643, 0.00083224, 0.997496, 0.000835643], 
              [0.0429024, 0.803341, 0.00083224, 0.152924], 
              [0.000835643, 0.00083224, 0.997496, 0.000835643], 
              [0.000835643, 0.0526071, 0.69332, 0.253237], 
              [0.0655542, 0.00083224, 0.906891, 0.0267231], 
              [0.0655542, 0.00083224, 0.884239, 0.0493748]
            ]
          }, {
            "db": 0,
            "id": "MA1512.2",
            "alt": "KLF11",
            "len": 10,
            "nsites": 9164,
            "url": "http://jaspar.elixir.no/matrix/MA1512.2",
            "pwm": [
              [0.220647, 0.605518, 0.0437601, 0.130075], 
              [0.0651712, 0.868451, 0.0156434, 0.0507344], 
              [0.858114, 0.127802, 0.0114044, 0.00267988], 
              [2.91354e-06, 0.995853, 2.54253e-06, 0.00414187], 
              [0.218206, 0.00467949, 0.745722, 0.0313936], 
              [0.0011969, 0.994348, 0.00195652, 0.00249889], 
              [0.000111912, 0.996947, 0.00217752, 0.000763905], 
              [2.91354e-06, 0.909556, 0.000409538, 0.0900329], 
              [0.481168, 0.433656, 0.00708347, 0.0780931], 
              [0.0546953, 0.791013, 0.0337022, 0.120589]
            ]
          }, {
            "db": 0,
            "id": "MA1513.2",
            "alt": "KLF15",
            "len": 8,
            "nsites": 11369,
            "url": "http://jaspar.elixir.no/matrix/MA1513.2",
            "pwm": [
              [0.0824186, 0.572255, 0.186208, 0.159118], 
              [0.00352032, 0.988119, 0.00756598, 0.000794342], 
              [0.00818228, 0.96226, 0.0292918, 0.000266346], 
              [2.34847e-06, 0.999905, 9.00486e-05, 2.34847e-06], 
              [2.34847e-06, 2.04942e-06, 0.999993, 2.34847e-06], 
              [0.00097034, 0.997882, 0.000178048, 0.00097034], 
              [0.00484031, 0.963491, 0.0315788, 9.03477e-05], 
              [0.00105834, 0.989878, 0.00879797, 0.000266346]
            ]
          }, {
            "db": 0,
            "id": "MA1540.3",
            "alt": "Nr5a1",
            "len": 12,
            "nsites": 4697,
            "url": "http://jaspar.elixir.no/matrix/MA1540.3",
            "pwm": [
              [0.626988, 0.0847382, 0.134769, 0.153504], 
              [0.150737, 0.118801, 0.60144, 0.129022], 
              [0.080055, 0.15904, 0.155207, 0.605699], 
              [0.034069, 0.120079, 0.0276814, 0.81817], 
              [0.0153344, 0.918869, 0.0402421, 0.0255531], 
              [0.912696, 0.0410941, 0.0266174, 0.0195923], 
              [0.92398, 0.0183146, 0.0340682, 0.0236372], 
              [0.0225732, 0.00958576, 0.94974, 0.0181023], 
              [0.0185273, 0.0112887, 0.945269, 0.0249152], 
              [0.0828229, 0.205238, 0.0364102, 0.675529], 
              [0.0142694, 0.90929, 0.0238495, 0.0525916], 
              [0.894388, 0.0306623, 0.0327913, 0.0421598]
            ]
          }, {
            "db": 0,
            "id": "MA1541.2",
            "alt": "NR6A1",
            "len": 14,
            "nsites": 1494,
            "url": "http://jaspar.elixir.no/matrix/MA1541.2",
            "pwm": [
              [0.0830113, 0.599707, 0.228916, 0.088365], 
              [0.938175, 0.00420331, 0.0460855, 0.0115351], 
              [0.807171, 0.0819921, 0.0648763, 0.0459608], 
              [0.013282, 0.00919898, 0.91424, 0.0632786], 
              [0.0205125, 0.0129597, 0.47787, 0.488658], 
              [0.0010208, 0.0742336, 0.0260918, 0.898654], 
              [0.00721939, 0.921765, 0.0298486, 0.0411671], 
              [0.982408, 1.55947e-05, 0.00220845, 0.0153678], 
              [0.820476, 0.0879217, 0.0320644, 0.0595379], 
              [0.0211435, 0.0151056, 0.901363, 0.0623877], 
              [0.0309658, 0.0117548, 0.55921, 0.39807], 
              [0.0596079, 0.12116, 0.232482, 0.58675], 
              [0.0300619, 0.690262, 0.083985, 0.195691], 
              [0.680823, 0.0152126, 0.272793, 0.0311708]
            ]
          }, {
            "db": 0,
            "id": "MA1564.2",
            "alt": "SP9",
            "len": 10,
            "nsites": 3844,
            "url": "http://jaspar.elixir.no/matrix/MA1564.2",
            "pwm": [
              [0.147245, 0.637606, 0.080389, 0.134758], 
              [0.101298, 0.773416, 0.0356631, 0.0896226], 
              [0.657095, 0.302143, 0.0150187, 0.0257433], 
              [0.000813925, 0.988685, 0.00686388, 0.00363685], 
              [0.0695271, 0.0659023, 0.807563, 0.0570075], 
              [0.00885272, 0.985505, 6.06124e-06, 0.0056358], 
              [6.94571e-06, 0.987888, 6.06124e-06, 0.0120986], 
              [0.0133356, 0.837646, 0.00820785, 0.14081], 
              [0.419419, 0.442993, 0.0133767, 0.124212], 
              [0.0664362, 0.658293, 0.0674953, 0.207776]
            ]
          }, {
            "db": 0,
            "id": "MA1578.2",
            "alt": "VEZF1",
            "len": 6,
            "nsites": 998,
            "url": "http://jaspar.elixir.no/matrix/MA1578.2",
            "pwm": [
              [0.0711616, 0.791527, 0.137285, 2.67508e-05], 
              [0.00102865, 0.998921, 2.33444e-05, 2.67508e-05], 
              [0.00403035, 0.99592, 2.33444e-05, 2.67508e-05], 
              [0.00202855, 0.997921, 2.33444e-05, 2.67508e-05], 
              [0.00603215, 0.989914, 2.33444e-05, 0.00403035], 
              [0.0100457, 0.978883, 0.00302904, 0.00804195]
            ]
          }, {
            "db": 0,
            "id": "MA1627.2",
            "alt": "Wt1",
            "len": 10,
            "nsites": 4691,
            "url": "http://jaspar.elixir.no/matrix/MA1627.2",
            "pwm": [
              [0.178855, 0.628429, 0.0861251, 0.10659], 
              [0.0102375, 0.969074, 0.0123687, 0.00831951], 
              [0.0255861, 0.0147137, 0.0680065, 0.891695], 
              [0.0044826, 0.981011, 0.00895778, 0.00554857], 
              [0.00853251, 0.928145, 0.0159926, 0.0473297], 
              [0.0091715, 0.906403, 0.0255854, 0.0588404], 
              [0.1812, 0.775089, 0.0215355, 0.0221752], 
              [0.00661355, 0.974829, 0.00981076, 0.00874551], 
              [0.702187, 0.0113027, 0.211042, 0.0754681], 
              [0.033687, 0.799178, 0.092947, 0.0741891]
            ]
          }, {
            "db": 0,
            "id": "MA1630.3",
            "alt": "ZNF281",
            "len": 10,
            "nsites": 1001,
            "url": "http://jaspar.elixir.no/matrix/MA1630.3",
            "pwm": [
              [0.00102557, 0.00102217, 0.996927, 0.00102557], 
              [0.00102557, 0.00102217, 0.996927, 0.00102557], 
              [0.0350232, 0.00102317, 0.962927, 0.00102657], 
              [0.00102557, 0.00102217, 0.996927, 0.00102557], 
              [0.00102557, 0.00102217, 0.996927, 0.00102557], 
              [0.719955, 0.183005, 0.00102317, 0.0960171], 
              [0.122014, 0.00102317, 0.771946, 0.105016], 
              [0.00102557, 0.00102217, 0.996927, 0.00102557], 
              [0.0410226, 0.00102317, 0.939929, 0.0180249], 
              [0.046975, 0.0269936, 0.919012, 0.00701897]
            ]
          }, {
            "db": 0,
            "id": "MA1653.2",
            "alt": "ZNF148",
            "len": 10,
            "nsites": 11199,
            "url": "http://jaspar.elixir.no/matrix/MA1653.2",
            "pwm": [
              [0.00732432, 0.964276, 0.0183069, 0.0100923], 
              [0.0117893, 0.928291, 0.0420587, 0.0178612], 
              [0.0121463, 0.939899, 0.0358088, 0.0121463], 
              [0.00794931, 0.967312, 0.0188429, 0.00589533], 
              [0.0118783, 0.00125207, 0.0903663, 0.896503], 
              [0.00589533, 0.978116, 0.010003, 0.00598533], 
              [0.0314331, 0.885966, 0.0410767, 0.041524], 
              [0.03947, 0.828908, 0.0350048, 0.0966175], 
              [0.0755437, 0.646393, 0.171802, 0.10626], 
              [0.0750977, 0.635231, 0.184302, 0.105368]
            ]
          }, {
            "db": 0,
            "id": "MA1713.2",
            "alt": "ZNF610",
            "len": 10,
            "nsites": 2386,
            "url": "http://jaspar.elixir.no/matrix/MA1713.2",
            "pwm": [
              [0.0737721, 0.512142, 0.309301, 0.104785], 
              [0.14837, 0.564529, 0.164295, 0.122806], 
              [0.02851, 0.0507196, 0.887651, 0.0331198], 
              [0.0155175, 0.940875, 0.0352133, 0.00839284], 
              [0.00755487, 0.968955, 0.017193, 0.00629793], 
              [0.00755487, 0.018869, 0.968955, 0.004621], 
              [0.00168712, 0.987814, 0.0088104, 0.00168712], 
              [0.00755487, 0.0142592, 0.018869, 0.959317], 
              [0.00252608, 0.970212, 0.0259937, 0.00126814], 
              [0.05156, 0.828139, 0.0779615, 0.0423394]
            ]
          }, {
            "db": 0,
            "id": "MA1723.2",
            "alt": "PRDM9",
            "len": 20,
            "nsites": 1000,
            "url": "http://jaspar.elixir.no/matrix/MA1723.2",
            "pwm": [
              [0.335993, 0.0370196, 0.457978, 0.16901], 
              [0.151012, 0.0290204, 0.712952, 0.107016], 
              [0.247754, 0.0110112, 0.335654, 0.40558], 
              [0.037023, 0.0020231, 0.905933, 0.0550212], 
              [0.0550212, 0.0020231, 0.940929, 0.0020265], 
              [0.133879, 0.168837, 0.48449, 0.212792], 
              [0.300297, 0.379364, 0.213215, 0.107123], 
              [0.773949, 0.0110222, 0.204003, 0.0110256], 
              [0.160011, 0.204003, 0.52897, 0.107016], 
              [0.125014, 0.0110222, 0.852938, 0.0110256], 
              [0.0290238, 0.0020231, 0.93193, 0.037023], 
              [0.449982, 0.0900143, 0.343989, 0.116015], 
              [0.0020285, 0.0020251, 0.993918, 0.0020285], 
              [0.0200247, 0.0020231, 0.975926, 0.0020265], 
              [0.352991, 0.291994, 0.204003, 0.151012], 
              [0.396987, 0.178005, 0.273996, 0.151012], 
              [0.37099, 0.0020231, 0.440979, 0.186008], 
              [0.265265, 0.423404, 0.10712, 0.20421], 
              [0.782948, 0.0020231, 0.169006, 0.0460221], 
              [0.317995, 0.0810152, 0.571966, 0.0290238]
            ]
          }, {
            "db": 0,
            "id": "MA1929.2",
            "alt": "CTCF",
            "len": 31,
            "nsites": 6766,
            "url": "http://jaspar.elixir.no/matrix/MA1929.2",
            "pwm": [
              [0.133759, 0.567391, 0.182531, 0.116319], 
              [0.135089, 0.0598606, 0.0471507, 0.7579], 
              [0.0240946, 0.0195122, 0.924022, 0.0323715], 
              [0.0424213, 0.808149, 0.0356219, 0.113806], 
              [0.673804, 0.0926711, 0.0576436, 0.17588], 
              [0.245049, 0.170707, 0.49098, 0.0932626], 
              [0.0874987, 0.14573, 0.0843952, 0.682377], 
              [0.167456, 0.114841, 0.262046, 0.455658], 
              [0.106416, 0.587196, 0.11292, 0.193468], 
              [0.114545, 0.578328, 0.0804043, 0.226723], 
              [0.303724, 0.273573, 0.168638, 0.254064], 
              [0.217707, 0.283032, 0.307271, 0.19199], 
              [0.242241, 0.341115, 0.212977, 0.203666], 
