<!DOCTYPE HTML>
<html>
  <head>
    <meta charset="UTF-8">
    <title>Tomtom Results</title>
    <script>
      // @JSON_VAR data
      var data = {
        "program": "Tomtom",
        "version": "5.4.1",
        "release": "Sat Aug 21 19:23:23 2021 -0700",
        "cmd": [
          "tomtom", "-verbosity", "1", "-oc",
          "/ocean/projects/bio230007p/sujathab/Motif_analysis/output/meme_chip_human_enhancer/meme_tomtom_out",
          "-min-overlap", "5", "-dist", "pearson", "-evalue", "-thresh", "1",
          "-no-ssc",
          "/ocean/projects/bio230007p/sujathab/Motif_analysis/output/meme_chip_human_enhancer/meme_out/meme.xml",
          "/ocean/projects/bio230007p/sujathab/motif_dbs/JASPAR2026_vertebrates_combined.meme"
        ],
        "options": {
          "strands": "both",
          "distance_measure": "pearson",
          "threshold_type": "evalue",
          "threshold_value": 1,
          "background_source": "--query--"
        },
        "alphabet": {
          "name": "DNA",
          "like": "dna",
          "ncore": 4,
          "symbols": [
            {
              "symbol": "A",
              "name": "Adenine",
              "colour": "CC0000",
              "complement": "T"
            }, {
              "symbol": "C",
              "name": "Cytosine",
              "colour": "0000CC",
              "complement": "G"
            }, {
              "symbol": "G",
              "name": "Guanine",
              "colour": "FFB300",
              "complement": "C"
            }, {
              "symbol": "T",
              "aliases": "U",
              "name": "Thymine",
              "colour": "008000",
              "complement": "A"
            }, {
              "symbol": "N",
              "aliases": "X.",
              "name": "Any base",
              "equals": "ACGT"
            }, {
              "symbol": "V",
              "name": "Not T",
              "equals": "ACG"
            }, {
              "symbol": "H",
              "name": "Not G",
              "equals": "ACT"
            }, {
              "symbol": "D",
              "name": "Not C",
              "equals": "AGT"
            }, {
              "symbol": "B",
              "name": "Not A",
              "equals": "CGT"
            }, {
              "symbol": "M",
              "name": "Amino",
              "equals": "AC"
            }, {
              "symbol": "R",
              "name": "Purine",
              "equals": "AG"
            }, {
              "symbol": "W",
              "name": "Weak",
              "equals": "AT"
            }, {
              "symbol": "S",
              "name": "Strong",
              "equals": "CG"
            }, {
              "symbol": "Y",
              "name": "Pyrimidine",
              "equals": "CT"
            }, {
              "symbol": "K",
              "name": "Keto",
              "equals": "GT"
            }
          ]
        },
        "background": [0.261, 0.239, 0.239, 0.261],
        "query_dbs": [
          {
            "source": "/ocean/projects/bio230007p/sujathab/Motif_analysis/output/meme_chip_human_enhancer/meme_out/meme.xml",
            "name": "meme.xml",
            "loaded": 10,
            "excluded": 0,
            "last_modified": "Thu Apr  9 11:30:56 2026"
          }
        ],
        "target_dbs": [
          {
            "source": "/ocean/projects/bio230007p/sujathab/motif_dbs/JASPAR2026_vertebrates_combined.meme",
            "name": "JASPAR2026_vertebrates_combined",
            "loaded": 1019,
            "excluded": 0,
            "last_modified": "Tue Apr  7 23:54:07 2026"
          }
        ],
        "queries": [
          {
            "db": 0,
            "id": "AAAAAAAAAAWAAAWAAAAA",
            "alt": "MEME-2",
            "len": 20,
            "nsites": 1294,
            "evalue": "3.7e-014",
            "pwm": [
              [0.644483, 0.0363367, 0.0417462, 0.277433], 
              [0.993761, 1.84684e-05, 1.84684e-05, 0.00620169], 
              [0.518527, 0.11052, 0.114384, 0.256569], 
              [0.617437, 0.153794, 0.130611, 0.0981576], 
              [0.720984, 0.000791409, 1.84684e-05, 0.278206], 
              [0.598119, 0.207112, 1.84684e-05, 0.19475], 
              [0.74494, 1.84684e-05, 0.000791409, 0.254251], 
              [0.600438, 0.155338, 0.0827011, 0.161523], 
              [0.636756, 0.0873377, 1.84684e-05, 0.275888], 
              [0.627484, 0.00156435, 0.14143, 0.229523], 
              [0.482981, 0.130611, 0.0865648, 0.299842], 
              [0.750348, 0.249613, 1.84684e-05, 2.01685e-05], 
              [0.680803, 0.0811562, 1.84684e-05, 0.238024], 
              [0.826849, 0.000791409, 0.000791409, 0.171568], 
              [0.521618, 0.0981559, 0.0610648, 0.319161], 
              [0.659165, 0.249613, 0.0888836, 0.00233799], 
              [0.633665, 1.84684e-05, 0.0595189, 0.306797], 
              [0.789758, 1.84684e-05, 0.210203, 2.01685e-05], 
              [0.564892, 0.174657, 0.00156435, 0.258887], 
              [0.690075, 0.162293, 1.84684e-05, 0.147613]
            ]
          }, {
            "db": 0,
            "id": "CGCGCGCCKCG",
            "alt": "MEME-10",
            "len": 11,
            "nsites": 2,
            "evalue": "6.4e+007",
            "pwm": [
              [0.0124286, 0.963762, 0.011381, 0.0124286], 
              [0.0124286, 0.011381, 0.963762, 0.0124286], 
              [0.0124286, 0.963762, 0.011381, 0.0124286], 
              [0.0124286, 0.011381, 0.963762, 0.0124286], 
              [0.0124286, 0.963762, 0.011381, 0.0124286], 
              [0.0124286, 0.011381, 0.963762, 0.0124286], 
              [0.0124286, 0.963762, 0.011381, 0.0124286], 
              [0.0124286, 0.963762, 0.011381, 0.0124286], 
              [0.0124286, 0.011381, 0.487571, 0.488619], 
              [0.0124286, 0.963762, 0.011381, 0.0124286], 
              [0.0124286, 0.011381, 0.963762, 0.0124286]
            ]
          }, {
            "db": 0,
            "id": "CTYBCTKYCCYTBCYTCYCY",
            "alt": "MEME-7",
            "len": 20,
            "nsites": 371,
            "evalue": "4.0e-003",
            "pwm": [
              [7.03314e-05, 0.762662, 0.137493, 0.0997735], 
              [0.13211, 0.242587, 6.44031e-05, 0.625239], 
              [7.03314e-05, 0.336901, 0.210251, 0.452778], 
              [0.0431857, 0.299175, 0.242587, 0.415052], 
              [7.03314e-05, 0.687211, 0.264144, 0.0485753], 
              [0.118636, 0.094379, 0.0620427, 0.724942], 
              [0.0216275, 0.191388, 0.3881, 0.398885], 
              [7.03314e-05, 0.431215, 0.064737, 0.503978], 
              [0.0620486, 0.662959, 0.0485693, 0.226424], 
              [0.0566591, 0.762662, 6.44031e-05, 0.180615], 
              [7.03314e-05, 0.563255, 6.44031e-05, 0.436611], 
              [0.0216275, 6.44031e-05, 0.145578, 0.83273], 
              [7.03314e-05, 0.331511, 0.396184, 0.272234], 
              [7.03314e-05, 0.805777, 0.107852, 0.0863001], 
              [0.0189332, 0.431215, 0.0270111, 0.52284], 
              [7.03314e-05, 6.44031e-05, 0.0997675, 0.900098], 
              [0.0566591, 0.757272, 0.0243169, 0.161752], 
              [0.0674372, 0.592897, 6.44031e-05, 0.339602], 
              [0.0512695, 0.867756, 0.0782103, 0.00276461], 
              [0.118636, 0.404268, 0.140189, 0.336907]
            ]
          }, {
            "db": 0,
            "id": "GGATTAAAGGYGTGCGCCAC",
            "alt": "MEME-8",
            "len": 20,
            "nsites": 27,
            "evalue": "1.6e+000",
            "pwm": [
              [0.0378634, 0.000881919, 0.923391, 0.0378634], 
              [0.000963099, 0.000881919, 0.997192, 0.000963099], 
              [0.960373, 0.0377823, 0.000881919, 0.000963099], 
              [0.000963099, 0.0746826, 0.000881919, 0.923472], 
              [0.000963099, 0.0377823, 0.0746826, 0.886572], 
              [0.960373, 0.000881919, 0.0377823, 0.000963099], 
              [0.960373, 0.0377823, 0.000881919, 0.000963099], 
              [0.960373, 0.000881919, 0.000881919, 0.0378634], 
              [0.000963099, 0.000881919, 0.997192, 0.000963099], 
              [0.000963099, 0.000881919, 0.997192, 0.000963099], 
              [0.000963099, 0.517488, 0.0377823, 0.443767], 
              [0.0747638, 0.000881919, 0.849591, 0.0747638], 
              [0.000963099, 0.000881919, 0.000881919, 0.997273], 
              [0.0747638, 0.000881919, 0.923391, 0.000963099], 
              [0.0747638, 0.73889, 0.0377823, 0.148564], 
              [0.148564, 0.000881919, 0.849591, 0.000963099], 
              [0.000963099, 0.960292, 0.000881919, 0.0378634], 
              [0.000963099, 0.923391, 0.000881919, 0.0747638], 
              [0.997273, 0.000881919, 0.000881919, 0.000963099], 
              [0.000963099, 0.997192, 0.000881919, 0.000963099]
            ]
          }, {
            "db": 0,
            "id": "KGGGGGGGGGGGGGG",
            "alt": "MEME-5",
            "len": 15,
            "nsites": 479,
            "evalue": "9.5e-015",
            "pwm": [
              [5.44771e-05, 0.00422401, 0.528124, 0.467598], 
              [5.44771e-05, 0.00422401, 0.786942, 0.208779], 
              [5.44771e-05, 0.00213745, 0.997754, 5.44771e-05], 
              [5.44771e-05, 0.18164, 0.709714, 0.108591], 
              [0.0898057, 4.98852e-05, 0.91009, 5.44771e-05], 
              [5.44771e-05, 4.98852e-05, 0.995667, 0.00422861], 
              [0.148249, 0.0793653, 0.528124, 0.244262], 
              [0.135725, 0.0710161, 0.588654, 0.204605], 
              [5.44771e-05, 0.00422401, 0.993579, 0.00214204], 
              [5.44771e-05, 0.0772778, 0.822425, 0.100243], 
              [0.0376246, 4.98852e-05, 0.895479, 0.0668465], 
              [5.44771e-05, 0.0793653, 0.751459, 0.169121], 
              [0.00214204, 0.119023, 0.718063, 0.160773], 
              [0.0564097, 0.164942, 0.778593, 5.44771e-05], 
              [0.102329, 0.085627, 0.811989, 5.44771e-05]
            ]
          }, {
            "db": 0,
            "id": "RSYGCCMYCTRSTGG",
            "alt": "MEME-1",
            "len": 15,
            "nsites": 2616,
            "evalue": "4.3e-116",
            "pwm": [
              [0.452975, 0.0749303, 0.342504, 0.129592], 
              [0.051231, 0.386462, 0.457943, 0.104364], 
              [0.025238, 0.41666, 9.13574e-06, 0.558093], 
              [0.0753131, 0.00536093, 0.820697, 0.0986302], 
              [0.0898385, 0.908995, 9.13574e-06, 0.00115693], 
              [9.97668e-06, 0.98621, 9.13574e-06, 0.0137705], 
              [0.472087, 0.527894, 9.13574e-06, 9.97668e-06], 
              [9.97668e-06, 0.500372, 0.00192006, 0.497697], 
              [9.97668e-06, 0.999971, 9.13574e-06, 9.97668e-06], 
              [0.0363236, 0.02906, 9.13574e-06, 0.934607], 
              [0.412456, 0.0378517, 0.395254, 0.154438], 
              [0.0126245, 0.340592, 0.609695, 0.0370886], 
              [0.0657565, 0.0493193, 0.0133876, 0.871537], 
              [9.97668e-06, 9.13574e-06, 0.999971, 9.97668e-06], 
              [0.051231, 0.0393806, 0.789734, 0.119653]
            ]
          }, {
            "db": 0,
            "id": "TCTCTCTCTCTCTCTCTCT",
            "alt": "MEME-3",
            "len": 19,
            "nsites": 230,
            "evalue": "4.6e-006",
            "pwm": [
              [0.0435725, 0.156558, 0.0652925, 0.734577], 
              [0.0435725, 0.656341, 0.104407, 0.19568], 
              [0.0435725, 0.00444998, 0.0783309, 0.873647], 
              [0.000113429, 0.995323, 0.000103868, 0.00445954], 
              [0.000113429, 0.00879609, 0.0392169, 0.951874], 
              [0.0522648, 0.643302, 0.152212, 0.152221], 
              [0.000113429, 0.00444998, 0.117444, 0.877993], 
              [0.000113429, 0.986632, 0.00444998, 0.00880565], 
              [0.000113429, 0.00879609, 0.0392169, 0.951874], 
              [0.0696482, 0.747605, 0.000103868, 0.182643], 
              [0.000113429, 0.0131412, 0.0913682, 0.895376], 
              [0.00445954, 0.825832, 0.169595, 0.000113429], 
              [0.00445954, 0.12179, 0.00879609, 0.864954], 
              [0.0696482, 0.743259, 0.000103868, 0.186989], 
              [0.00445954, 0.000103868, 0.0609474, 0.93449], 
              [0.000113429, 0.864945, 0.0652925, 0.0696482], 
              [0.000113429, 0.0131412, 0.0348718, 0.951874], 
              [0.0653021, 0.6998, 0.0696386, 0.165259], 
              [0.00880565, 0.117444, 0.00879609, 0.864954]
            ]
          }, {
            "db": 0,
            "id": "TGTGTGTGTGTGTGT",
            "alt": "MEME-9",
            "len": 15,
            "nsites": 230,
            "evalue": "2.3e+003",
            "pwm": [
              [0.104416, 0.18698, 0.00444998, 0.704155], 
              [0.000113429, 0.000103868, 0.782373, 0.21741], 
              [0.000113429, 0.00444998, 0.000103868, 0.995333], 
              [0.147875, 0.000103868, 0.851908, 0.000113429], 
              [0.000113429, 0.000103868, 0.082677, 0.917106], 
              [0.000113429, 0.000103868, 0.778027, 0.221756], 
              [0.000113429, 0.000103868, 0.000103868, 0.999679], 
              [0.104416, 0.0957143, 0.747605, 0.0522648], 
              [0.000113429, 0.000103868, 0.000103868, 0.999679], 
              [0.00445954, 0.000103868, 0.786719, 0.208719], 
              [0.000113429, 0.00444998, 0.000103868, 0.995333], 
              [0.00445954, 0.113098, 0.882329, 0.000113429], 
              [0.0783404, 0.139173, 0.0261795, 0.756307], 
              [0.0696482, 0.00444998, 0.621573, 0.304329], 
              [0.000113429, 0.156558, 0.000103868, 0.843225]
            ]
          }, {
            "db": 0,
            "id": "TGTGTGTGTGTGTGTGTGTG",
            "alt": "MEME-4",
            "len": 20,
            "nsites": 265,
            "evalue": "4.8e-016",
            "pwm": [
              [0.00764261, 0.00386273, 0.0151785, 0.973316], 
              [0.0189593, 9.01547e-05, 0.924269, 0.0566811], 
              [0.0114152, 0.0114069, 9.01547e-05, 0.977088], 
              [0.0114152, 0.00386273, 0.946903, 0.0378202], 
              [0.0114152, 0.00386273, 9.01547e-05, 0.984633], 
              [0.0793136, 0.0114069, 0.909181, 9.84534e-05], 
              [0.00387103, 0.0529002, 9.01547e-05, 0.943139], 
              [0.0529085, 0.0378119, 0.901637, 0.00764261], 
              [0.0114152, 0.0679895, 9.01547e-05, 0.920506], 
              [0.0529085, 0.00386273, 0.920498, 0.0227319], 
              [0.0529085, 0.00763431, 0.018951, 0.920506], 
              [0.00387103, 0.0566728, 0.939359, 9.84534e-05], 
              [0.0491369, 0.0830778, 0.00386273, 0.863923], 
              [0.109491, 0.00763431, 0.875232, 0.00764261], 
              [9.84534e-05, 0.0491286, 0.0264952, 0.924278], 
              [0.0868577, 9.01547e-05, 0.879003, 0.0340476], 
              [0.0415918, 0.00763431, 0.00763431, 0.943139], 
              [0.0189593, 0.0340393, 0.94313, 0.00387103], 
              [9.84534e-05, 0.0114069, 0.0340393, 0.954455], 
              [0.0679978, 0.0453561, 0.867688, 0.0189593]
            ]
          }, {
            "db": 0,
            "id": "YYCYYYCTYYCTYYCTYYCT",
            "alt": "MEME-6",
            "len": 20,
            "nsites": 483,
            "evalue": "1.8e-010",
            "pwm": [
              [5.40261e-05, 0.482352, 4.94722e-05, 0.517545], 
              [5.40261e-05, 0.496841, 0.060078, 0.443026], 
              [0.0021236, 0.811475, 0.0580085, 0.128391], 
              [0.0973419, 0.329174, 4.94722e-05, 0.573434], 
              [0.00419417, 0.472002, 0.101477, 0.422327], 
              [5.40261e-05, 0.461652, 4.94722e-05, 0.538245], 
              [5.40261e-05, 0.993633, 4.94722e-05, 0.00626374], 
              [5.40261e-05, 0.231885, 4.94722e-05, 0.768011], 
              [5.40261e-05, 0.55066, 0.111827, 0.337458], 
              [0.0600826, 0.308475, 0.0869885, 0.544454], 
              [0.0704325, 0.869434, 0.060078, 5.40261e-05], 
              [5.40261e-05, 0.329174, 4.94722e-05, 0.670722], 
              [0.0021236, 0.391272, 0.153227, 0.453376], 
              [0.0414535, 0.426462, 0.0952678, 0.436817], 
              [0.0476632, 0.674858, 0.00418961, 0.273289], 
              [5.40261e-05, 0.0414489, 0.105618, 0.852879], 
              [5.40261e-05, 0.610689, 4.94722e-05, 0.389207], 
              [0.0890626, 0.329174, 0.0704279, 0.511335], 
              [5.40261e-05, 0.999842, 4.94722e-05, 5.40261e-05], 
              [0.122182, 0.126317, 0.0393783, 0.712122]
            ]
          }
        ],
        "targets": [
          {
            "db": 0,
            "id": "MA0039.5",
            "alt": "KLF4",
            "len": 8,
            "nsites": 55817,
            "url": "http://jaspar.elixir.no/matrix/MA0039.5",
            "pwm": [
              [0.0441624, 0.881612, 0.0283614, 0.0458644], 
              [0.0377134, 0.857533, 0.0217504, 0.0830033], 
              [0.125786, 0.813461, 0.0254764, 0.0352764], 
              [0.0210154, 0.947291, 0.0142074, 0.0174864], 
              [0.81699, 0.00288442, 0.118208, 0.0619174], 
              [0.0152644, 0.938172, 0.0263364, 0.0202274], 
              [0.0289704, 0.915706, 0.0335024, 0.0218214], 
              [0.0215354, 0.914505, 0.0180054, 0.0459544]
            ]
          }, {
            "db": 0,
            "id": "MA0041.3",
            "alt": "FOXD3",
            "len": 14,
            "nsites": 206,
            "url": "http://jaspar.elixir.no/matrix/MA0041.3",
            "pwm": [
              [0.4174, 0.10686, 0.0631923, 0.412547], 
              [0.568571, 0.0806459, 0.246441, 0.104341], 
              [0.347286, 0.171789, 0.171789, 0.309137], 
              [0.282817, 0.0859333, 0.580642, 0.0506071], 
              [0.255817, 0.281633, 0.0207779, 0.441772], 
              [0.81016, 0.175386, 0.00485266, 0.00960104], 
              [0.919036, 0.0431061, 0.000115963, 0.0377424], 
              [0.944419, 0.00563828, 0.0387712, 0.0111713], 
              [0.000126638, 0.251456, 0.000115963, 0.748301], 
              [0.929024, 0.0218444, 0.0109807, 0.0381512], 
              [0.85046, 0.0548154, 0.0398977, 0.0548261], 
              [0.703489, 0.070041, 0.082381, 0.14409], 
              [0.0573679, 0.753054, 0.0573572, 0.132222], 
              [0.562916, 0.0901623, 0.135185, 0.211736]
            ]
          }, {
            "db": 0,
            "id": "MA0073.2",
            "alt": "RREB1",
            "len": 19,
            "nsites": 11,
            "url": "http://jaspar.elixir.no/matrix/MA0073.2",
            "pwm": [
              [0.272621, 0.722874, 0.00215315, 0.00235135], 
              [0.0924414, 0.903054, 0.00215315, 0.00235135], 
              [0.272621, 0.722874, 0.00215315, 0.00235135], 
              [0.00235135, 0.993144, 0.00215315, 0.00235135], 
              [0.632982, 0.362513, 0.00215315, 0.00235135], 
              [0.813162, 0.182333, 0.00215315, 0.00235135], 
              [0.723072, 0.272423, 0.00215315, 0.00235135], 
              [0.362711, 0.542694, 0.00215315, 0.0924414], 
              [0.00235135, 0.993144, 0.00215315, 0.00235135], 
              [0.993342, 0.00215315, 0.00215315, 0.00235135], 
              [0.362711, 0.632784, 0.00215315, 0.00235135], 
              [0.0924414, 0.903054, 0.00215315, 0.00235135], 
              [0.272621, 0.722874, 0.00215315, 0.00235135], 
              [0.362711, 0.542694, 0.0922432, 0.00235135], 
              [0.182531, 0.812964, 0.00215315, 0.00235135], 
              [0.362711, 0.452603, 0.00215315, 0.182531], 
              [0.362711, 0.452603, 0.0922432, 0.0924414], 
              [0.362711, 0.542694, 0.00215315, 0.0924414], 
              [0.0924414, 0.632784, 0.272423, 0.00235135]
            ]
          }, {
            "db": 0,
            "id": "MA0079.5",
            "alt": "SP1",
            "len": 9,
            "nsites": 1000,
            "url": "http://jaspar.elixir.no/matrix/MA0079.5",
            "pwm": [
              [0.00108099, 0.00107879, 0.950351, 0.0474894], 
              [0.00108099, 0.00107879, 0.996759, 0.00108099], 
              [0.00108099, 0.00107879, 0.996759, 0.00108099], 
              [0.00108099, 0.00107879, 0.996759, 0.00108099], 
              [0.266877, 0.730963, 0.00107879, 0.00108099], 
              [0.00108099, 0.00107879, 0.996759, 0.00108099], 
              [0.00108099, 0.0854584, 0.91238, 0.00108099], 
              [0.25422, 0.0517067, 0.659241, 0.0348326], 
              [0.161402, 0.00107879, 0.836438, 0.00108099]
            ]
          }, {
            "db": 0,
            "id": "MA0081.3",
            "alt": "SPIB",
            "len": 13,
            "nsites": 26930,
            "url": "http://jaspar.elixir.no/matrix/MA0081.3",
            "pwm": [
              [0.0809137, 0.23873, 0.118567, 0.561789], 
              [0.0140749, 0.890121, 0.0639067, 0.0318989], 
              [0.903043, 0.0229868, 0.0248428, 0.0491278], 
              [0.00887594, 0.844038, 0.0934275, 0.0536588], 
              [0.0167109, 0.00876385, 0.00583087, 0.968694], 
              [0.00705594, 0.00742786, 0.00902385, 0.976492], 
              [0.00764994, 0.970847, 0.00568187, 0.0158199], 
              [0.0102129, 0.946599, 0.00479087, 0.0383968], 
              [0.0321208, 0.167731, 0.0679176, 0.73223], 
              [0.0378768, 0.74686, 0.0860016, 0.129261], 
              [0.184293, 0.145637, 0.0290018, 0.641068], 
              [0.105385, 0.201448, 0.0774976, 0.615669], 
              [0.154437, 0.223877, 0.0894546, 0.532231]
            ]
          }, {
            "db": 0,
            "id": "MA0139.2",
            "alt": "CTCF",
            "len": 15,
            "nsites": 913,
            "url": "http://jaspar.elixir.no/matrix/MA0139.2",
            "pwm": [
              [0.307772, 0.0536893, 0.491757, 0.146782], 
              [0.0613579, 0.876162, 0.0230247, 0.0394543], 
              [0.00878962, 0.988965, 2.61746e-05, 0.00221934], 
              [0.814835, 0.0142636, 0.0712124, 0.0996887], 
              [0.0438358, 0.578276, 0.365813, 0.0120753], 
              [0.117341, 0.474755, 0.0526524, 0.355253], 
              [0.93304, 0.0120859, 0.0351103, 0.0197634], 
              [0.00551598, 2.61746e-05, 0.991136, 0.00332122], 
              [0.365521, 0.00331881, 0.621253, 0.0099065], 
              [0.0592981, 0.0131967, 0.553204, 0.374302], 
              [0.0132141, 2.61746e-05, 0.977941, 0.00881862], 
              [0.0615598, 0.00881621, 0.851581, 0.078042], 
              [0.114427, 0.806319, 0.00552657, 0.0737275], 
              [0.409225, 0.0143256, 0.557721, 0.0187285], 
              [0.0903267, 0.530805, 0.338095, 0.0407731]
            ]
          }, {
            "db": 0,
            "id": "MA0149.1",
            "alt": "EWSR1-FLI1",
            "len": 18,
            "nsites": 105,
            "url": "http://jaspar.elixir.no/matrix/MA0149.1",
            "pwm": [
              [0.000248335, 0.000227403, 0.999276, 0.000248335], 
              [0.0192782, 0.000227403, 0.980246, 0.000248335], 
              [0.989782, 0.000227403, 0.00974234, 0.000248335], 
              [0.989782, 0.000227403, 0.00974234, 0.000248335], 
              [0.00976327, 0.000227403, 0.989761, 0.000248335], 
              [0.0192782, 0.000227403, 0.970732, 0.00976327], 
              [0.980267, 0.000227403, 0.0192573, 0.000248335], 
              [0.970753, 0.000227403, 0.0287712, 0.000248335], 
              [0.000248335, 0.000227403, 0.989761, 0.00976327], 
              [0.000248335, 0.0192573, 0.980246, 0.000248335], 
              [0.942208, 0.0382862, 0.0192573, 0.000248335], 
              [0.999297, 0.000227403, 0.000227403, 0.000248335], 
              [0.000248335, 0.000227403, 0.999276, 0.000248335], 
              [0.000248335, 0.0192573, 0.980246, 0.000248335], 
              [0.951723, 0.0287712, 0.000227403, 0.0192782], 
              [0.970753, 0.000227403, 0.0192573, 0.00976327], 
              [0.047822, 0.000227403, 0.923158, 0.0287922], 
              [0.0287922, 0.0287712, 0.923158, 0.0192782]
            ]
          }, {
            "db": 0,
            "id": "MA0467.3",
            "alt": "Crx",
            "len": 6,
            "nsites": 4333,
            "url": "http://jaspar.elixir.no/matrix/MA0467.3",
            "pwm": [
              [0.00439092, 0.0357767, 0.952903, 0.00692986], 
              [0.00600588, 0.00831332, 0.969288, 0.0163916], 
              [0.975521, 0.00392843, 0.00969829, 0.0108528], 
              [0.00254496, 0.00739035, 0.00208247, 0.987982], 
              [0.0115448, 0.00577538, 0.00462141, 0.978058], 
              [0.978751, 0.00577538, 0.00531339, 0.0101608]
            ]
          }, {
            "db": 0,
            "id": "MA0516.3",
            "alt": "SP2",
            "len": 9,
            "nsites": 1000,
            "url": "http://jaspar.elixir.no/matrix/MA0516.3",
            "pwm": [
              [0.153237, 0.000756824, 0.766076, 0.0799301], 
              [0.167898, 0.000756824, 0.830586, 0.000759024], 
              [0.000759024, 0.000756824, 0.997725, 0.000759024], 
              [0.000759024, 0.000756824, 0.997725, 0.000759024], 
              [0.112185, 0.886299, 0.000756824, 0.000759024], 
              [0.000759024, 0.000756824, 0.997725, 0.000759024], 
              [0.000759024, 0.000756824, 0.974266, 0.0242177], 
              [0.120982, 0.000756824, 0.877502, 0.000759024], 
              [0.206017, 0.164963, 0.610667, 0.0183523]
            ]
          }, {
            "db": 0,
            "id": "MA0648.2",
            "alt": "GSC",
            "len": 6,
            "nsites": 6135,
            "url": "http://jaspar.elixir.no/matrix/MA0648.2",
            "pwm": [
              [4.25421e-06, 0.00880575, 3.89562e-06, 0.991186], 
              [0.947628, 0.0110677, 0.0274304, 0.013873], 
              [0.999988, 3.89562e-06, 3.89562e-06, 4.25421e-06], 
              [4.25421e-06, 0.00400383, 0.0230435, 0.972948], 
              [0.0537784, 0.786056, 0.0584309, 0.101735], 
              [0.0378506, 0.730618, 0.0994853, 0.132046]
            ]
          }, {
            "db": 0,
            "id": "MA0682.3",
            "alt": "PITX1",
            "len": 6,
            "nsites": 10531,
            "url": "http://jaspar.elixir.no/matrix/MA0682.3",
            "pwm": [
              [2.47837e-06, 2.26947e-06, 2.26947e-06, 0.999993], 
              [0.999993, 2.26947e-06, 2.26947e-06, 2.47837e-06], 
              [0.999993, 2.26947e-06, 2.26947e-06, 2.47837e-06], 
              [2.47837e-06, 2.26947e-06, 0.0898024, 0.910193], 
              [0.0132244, 0.973733, 2.26947e-06, 0.0130394], 
              [0.00603042, 0.933592, 0.0118812, 0.048495]
            ]
          }, {
            "db": 0,
            "id": "MA0685.2",
            "alt": "SP4",
            "len": 9,
            "nsites": 999,
            "url": "http://jaspar.elixir.no/matrix/MA0685.2",
            "pwm": [
              [0.149049, 0.000710853, 0.654491, 0.195749], 
              [0.000713055, 0.000710853, 0.997864, 0.000713055], 
              [0.000713055, 0.000710853, 0.997864, 0.000713055], 
              [0.000713055, 0.000710853, 0.997864, 0.000713055], 
              [0.275411, 0.723166, 0.000710853, 0.000713055], 
              [0.000713055, 0.000710853, 0.997864, 0.000713055], 
              [0.000713055, 0.000710853, 0.920948, 0.0776284], 
              [0.289145, 0.000710853, 0.659986, 0.0501581], 
              [0.000713055, 0.000710853, 0.997864, 0.000713055]
            ]
          }, {
            "db": 0,
            "id": "MA0714.2",
            "alt": "PITX3",
            "len": 6,
            "nsites": 6806,
            "url": "http://jaspar.elixir.no/matrix/MA0714.2",
            "pwm": [
              [0.0724388, 0.0074964, 0.00132549, 0.918738], 
              [0.932856, 0.00477744, 0.0387919, 0.0235755], 
              [0.997596, 3.51156e-06, 0.00239648, 3.83479e-06], 
              [0.0337923, 0.0178003, 0.141992, 0.806414], 
              [0.0456072, 0.896735, 0.0238092, 0.0338483], 
              [0.0295334, 0.813443, 0.0310941, 0.125929]
            ]
          }, {
            "db": 0,
            "id": "MA0740.2",
            "alt": "KLF14",
            "len": 9,
            "nsites": 999,
            "url": "http://jaspar.elixir.no/matrix/MA0740.2",
            "pwm": [
              [0.031181, 0.000659858, 0.619487, 0.348672], 
              [0.00066206, 0.000659858, 0.998016, 0.00066206], 
              [0.00066206, 0.000659858, 0.998016, 0.00066206], 
              [0.00066206, 0.000659858, 0.998016, 0.00066206], 
              [0.0949216, 0.814334, 0.000659858, 0.0900841], 
              [0.00066206, 0.000659858, 0.998016, 0.00066206], 
              [0.00066206, 0.000659858, 0.71785, 0.280828], 
              [0.10772, 0.000659858, 0.890958, 0.00066206], 
              [0.19862, 0.0621057, 0.738612, 0.00066206]
            ]
          }, {
            "db": 0,
            "id": "MA0742.2",
            "alt": "KLF12",
            "len": 9,
            "nsites": 999,
            "url": "http://jaspar.elixir.no/matrix/MA0742.2",
            "pwm": [
              [0.101964, 0.000672857, 0.709693, 0.187669], 
              [0.0863815, 0.000672857, 0.912271, 0.000675059], 
              [0.000675059, 0.000672857, 0.997976, 0.000675059], 
              [0.000675059, 0.000672857, 0.997976, 0.000675059], 
              [0.0474244, 0.951228, 0.000672857, 0.000675059], 
              [0.000675059, 0.000672857, 0.997976, 0.000675059], 
              [0.00586954, 0.0785871, 0.725276, 0.190267], 
              [0.0682013, 0.000672857, 0.93045, 0.000675059], 
              [0.000675059, 0.000672857, 0.969408, 0.0292442]
            ]
          }, {
            "db": 0,
            "id": "MA0747.2",
            "alt": "SP8",
            "len": 11,
            "nsites": 171,
            "url": "http://jaspar.elixir.no/matrix/MA0747.2",
            "pwm": [
              [0.315757, 0.660572, 0.000139684, 0.0235309], 
              [0.122032, 0.814298, 0.000139684, 0.0635305], 
              [0.786675, 0.195292, 0.00605323, 0.0119796], 
              [0.0390188, 0.927375, 0.00569244, 0.0279143], 
              [0.093382, 0.138119, 0.622909, 0.145589], 
              [0.0279143, 0.927375, 0.0334532, 0.011257], 
              [0.0117737, 0.970502, 0.0175715, 0.000152542], 
              [0.000152542, 0.897464, 0.0216321, 0.0807504], 
              [0.511218, 0.437384, 0.0342108, 0.0171876], 
              [0.0542879, 0.695566, 0.0875885, 0.162558], 
              [0.18679, 0.31321, 0.00616016, 0.49384]
            ]
          }, {
            "db": 0,
            "id": "MA0753.3",
            "alt": "ZNF740",
            "len": 10,
            "nsites": 1201,
            "url": "http://jaspar.elixir.no/matrix/MA0753.3",
            "pwm": [
              [0.0499756, 0.878382, 0.0308253, 0.0408173], 
              [0.093234, 0.894013, 0.0118829, 0.00086866], 
              [0.0164884, 0.965173, 0.00367959, 0.0146595], 
              [0.0200381, 0.959904, 0.00638837, 0.0136696], 
              [0.021082, 0.966056, 0.00276667, 0.0100939], 
              [0.00929696, 0.978602, 0.00651336, 0.00558727], 
              [0.00190257, 0.992411, 0.00284166, 0.0028435], 
              [0.0974716, 0.894013, 0.00510448, 0.00341145], 
              [0.705177, 0.159766, 0.0454711, 0.0895863], 
              [0.132533, 0.67538, 0.034588, 0.157499]
            ]
          }, {
            "db": 0,
            "id": "MA0757.2",
            "alt": "ONECUT3",
            "len": 12,
            "nsites": 6080,
            "url": "http://jaspar.elixir.no/matrix/MA0757.2",
            "pwm": [
              [0.633382, 0.0623389, 0.187665, 0.116614], 
              [0.786537, 0.0354493, 0.0644269, 0.113585], 
              [0.801467, 0.0228086, 0.0147677, 0.160956], 
              [0.970614, 0.00447386, 0.0162877, 0.00862515], 
              [0.9907, 0.000818917, 0.00668482, 0.00179626], 
              [0.00514121, 0.0165397, 0.00225189, 0.976068], 
              [0.00376823, 0.994915, 0.000494923, 0.000822279], 
              [0.646369, 0.00327688, 0.34855, 0.00180426], 
              [0.993939, 0.000984915, 0.00147491, 0.00360123], 
              [0.00701218, 0.000981915, 0.00114491, 0.990862], 
              [0.905155, 0.0156357, 0.0278435, 0.0513654], 
              [0.59539, 0.141614, 0.0685888, 0.194409]
            ]
          }, {
            "db": 0,
            "id": "MA0891.2",
            "alt": "GSC2",
            "len": 6,
            "nsites": 2132,
            "url": "http://jaspar.elixir.no/matrix/MA0891.2",
            "pwm": [
              [0.0544187, 1.12096e-05, 1.12096e-05, 0.945559], 
              [0.854209, 0.0368735, 0.0237391, 0.0851772], 
              [0.933734, 0.00510597, 1.12096e-05, 0.0611484], 
              [1.22414e-05, 0.0186293, 0.0658571, 0.9155], 
              [0.0960887, 0.759584, 0.067453, 0.0768736], 
              [0.0595065, 0.659019, 0.137959, 0.143517]
            ]
          }, {
            "db": 0,
            "id": "MA1099.3",
            "alt": "HES1",
            "len": 8,
            "nsites": 29578,
            "url": "http://jaspar.elixir.no/matrix/MA1099.3",
            "pwm": [
              [0.11228, 0.118061, 0.626343, 0.143316], 
              [0.169979, 0.0601226, 0.537561, 0.232336], 
              [0.0244118, 0.97464, 8.0803e-07, 0.000947879], 
              [0.503544, 8.0803e-07, 0.484087, 0.0123678], 
              [8.82409e-07, 0.95905, 8.0803e-07, 0.0409487], 
              [0.00113288, 8.0803e-07, 0.998865, 8.82409e-07], 
              [0.0110798, 0.177658, 8.0803e-07, 0.811261], 
              [5.48822e-05, 8.0803e-07, 0.997091, 0.00285387]
            ]
          }, {
            "db": 0,
            "id": "MA1102.3",
            "alt": "CTCFL",
            "len": 8,
            "nsites": 18037,
            "url": "http://jaspar.elixir.no/matrix/MA1102.3",
            "pwm": [
              [0.072131, 0.713364, 0.112714, 0.101792], 
              [0.957472, 0.0228982, 0.0182412, 0.00138744], 
              [0.00476942, 0.0266682, 0.958304, 0.0102584], 
              [0.0379232, 0.0332661, 0.915392, 0.0134184], 
              [0.0193503, 0.06326, 0.855184, 0.0622061], 
              [0.0107014, 0.0425251, 0.932468, 0.0143054], 
              [0.0194613, 0.0149702, 0.942559, 0.0230093], 
              [0.0100364, 0.97538, 0.0037713, 0.0108124]
            ]
          }, {
            "db": 0,
            "id": "MA1125.2",
            "alt": "ZNF384",
            "len": 8,
            "nsites": 30433,
            "url": "http://jaspar.elixir.no/matrix/MA1125.2",
            "pwm": [
              [0.997402, 0.000230785, 0.000427784, 0.00193985], 
              [0.992046, 0.00115078, 0.000624783, 0.00617884], 
              [0.988136, 0.000690783, 0.000854783, 0.0103188], 
              [0.994051, 0.000427784, 0.000493784, 0.00502784], 
              [0.992408, 0.000854783, 0.000460784, 0.00627684], 
              [0.999111, 0.000197785, 7.85329e-07, 0.000690855], 
              [0.667761, 0.0955545, 0.0909215, 0.145763], 
              [0.621561, 0.13022, 0.0952265, 0.152992]
            ]
          }, {
            "db": 0,
            "id": "MA1511.2",
            "alt": "KLF10",
            "len": 9,
            "nsites": 999,
            "url": "http://jaspar.elixir.no/matrix/MA1511.2",
            "pwm": [
              [0.0752616, 0.000832841, 0.819521, 0.104385], 
              [0.000835043, 0.000832841, 0.997497, 0.000835043], 
              [0.000835043, 0.000832841, 0.997497, 0.000835043], 
              [0.000835043, 0.000832841, 0.997497, 0.000835043], 
              [0.0429018, 0.803342, 0.000832841, 0.152924], 
              [0.000835043, 0.000832841, 0.997497, 0.000835043], 
              [0.000835043, 0.0526077, 0.693321, 0.253237], 
              [0.0655536, 0.000832841, 0.906891, 0.0267225], 
              [0.0655536, 0.000832841, 0.884239, 0.0493742]
            ]
          }, {
            "db": 0,
            "id": "MA1513.2",
            "alt": "KLF15",
            "len": 8,
            "nsites": 11369,
            "url": "http://jaspar.elixir.no/matrix/MA1513.2",
            "pwm": [
              [0.0824186, 0.572255, 0.186208, 0.159118], 
              [0.00352026, 0.988119, 0.00756604, 0.000794289], 
              [0.00818222, 0.96226, 0.0292918, 0.000266293], 
              [2.2957e-06, 0.999905, 9.01014e-05, 2.2957e-06], 
              [2.2957e-06, 2.10219e-06, 0.999993, 2.2957e-06], 
              [0.000970287, 0.997882, 0.000178101, 0.000970287], 
              [0.00484025, 0.963491, 0.0315788, 9.02949e-05], 
              [0.00105829, 0.989878, 0.00879802, 0.000266293]
            ]
          }, {
            "db": 0,
            "id": "MA1522.2",
            "alt": "MAZ",
            "len": 8,
            "nsites": 15063,
            "url": "http://jaspar.elixir.no/matrix/MA1522.2",
            "pwm": [
              [0.00113073, 0.992161, 0.00498055, 0.00172772], 
              [0.00325471, 0.971249, 0.0254944, 1.73271e-06], 
              [0.00239172, 0.977954, 0.0192535, 0.00039973], 
              [0.00259072, 0.974303, 0.0230384, 6.77323e-05], 
              [0.00039973, 1.58666e-06, 0.00863153, 0.990966], 
              [0.00597669, 0.993223, 0.000532583, 0.000267731], 
              [0.00152872, 0.992095, 0.00637454, 1.73271e-06], 
              [0.0736252, 0.622184, 0.117375, 0.186815]
            ]
          }, {
            "db": 0,
            "id": "MA1564.2",
            "alt": "SP9",
            "len": 10,
            "nsites": 3844,
            "url": "http://jaspar.elixir.no/matrix/MA1564.2",
            "pwm": [
              [0.147245, 0.637607, 0.0803891, 0.134758], 
              [0.101298, 0.773416, 0.0356633, 0.0896225], 
              [0.657095, 0.302143, 0.0150188, 0.0257431], 
              [0.000813769, 0.988685, 0.00686404, 0.0036367], 
              [0.069527, 0.0659025, 0.807563, 0.0570073], 
              [0.00885256, 0.985506, 6.21732e-06, 0.00563564], 
              [6.78962e-06, 0.987889, 6.21732e-06, 0.0120985], 
              [0.0133354, 0.837646, 0.008208, 0.14081], 
              [0.419419, 0.442993, 0.0133769, 0.124212], 
              [0.0664361, 0.658293, 0.0674955, 0.207775]
            ]
          }, {
            "db": 0,
            "id": "MA1578.2",
            "alt": "VEZF1",
            "len": 6,
            "nsites": 998,
            "url": "http://jaspar.elixir.no/matrix/MA1578.2",
            "pwm": [
              [0.071161, 0.791528, 0.137285, 2.61497e-05], 
              [0.00102805, 0.998922, 2.39455e-05, 2.61497e-05], 
              [0.00402975, 0.99592, 2.39455e-05, 2.61497e-05], 
              [0.00202795, 0.997922, 2.39455e-05, 2.61497e-05], 
              [0.00603155, 0.989915, 2.39455e-05, 0.00402975], 
              [0.0100451, 0.978884, 0.00302964, 0.00804135]
            ]
          }, {
            "db": 0,
            "id": "MA1630.3",
            "alt": "ZNF281",
            "len": 10,
            "nsites": 1001,
            "url": "http://jaspar.elixir.no/matrix/MA1630.3",
            "pwm": [
              [0.00102497, 0.00102277, 0.996927, 0.00102497], 
              [0.00102497, 0.00102277, 0.996927, 0.00102497], 
              [0.0350226, 0.00102377, 0.962928, 0.00102597], 
              [0.00102497, 0.00102277, 0.996927, 0.00102497], 
              [0.00102497, 0.00102277, 0.996927, 0.00102497], 
              [0.719954, 0.183006, 0.00102377, 0.0960165], 
              [0.122014, 0.00102377, 0.771947, 0.105016], 
              [0.00102497, 0.00102277, 0.996927, 0.00102497], 
              [0.041022, 0.00102377, 0.93993, 0.0180243], 
              [0.0469744, 0.0269942, 0.919013, 0.00701837]
            ]
          }, {
            "db": 0,
