<!DOCTYPE HTML>
<html>
  <head>
    <meta charset="UTF-8">
    <title>Tomtom Results</title>
    <script>
      // @JSON_VAR data
      var data = {
        "program": "Tomtom",
        "version": "5.4.1",
        "release": "Sat Aug 21 19:23:23 2021 -0700",
        "cmd": [
          "tomtom", "-verbosity", "1", "-oc",
          "/ocean/projects/bio230007p/sujathab/Motif_analysis/output/meme_chip_human_specific_enhancer/streme_tomtom_out",
          "-min-overlap", "5", "-dist", "pearson", "-evalue", "-thresh", "1",
          "-no-ssc",
          "/ocean/projects/bio230007p/sujathab/Motif_analysis/output/meme_chip_human_specific_enhancer/streme_out/streme.xml",
          "/ocean/projects/bio230007p/sujathab/motif_dbs/JASPAR2026_vertebrates_combined.meme"
        ],
        "options": {
          "strands": "both",
          "distance_measure": "pearson",
          "threshold_type": "evalue",
          "threshold_value": 1,
          "background_source": "--query--"
        },
        "alphabet": {
          "name": "DNA",
          "like": "dna",
          "ncore": 4,
          "symbols": [
            {
              "symbol": "A",
              "name": "Adenine",
              "colour": "CC0000",
              "complement": "T"
            }, {
              "symbol": "C",
              "name": "Cytosine",
              "colour": "0000CC",
              "complement": "G"
            }, {
              "symbol": "G",
              "name": "Guanine",
              "colour": "FFB300",
              "complement": "C"
            }, {
              "symbol": "T",
              "aliases": "U",
              "name": "Thymine",
              "colour": "008000",
              "complement": "A"
            }, {
              "symbol": "N",
              "aliases": "X.",
              "name": "Any base",
              "equals": "ACGT"
            }, {
              "symbol": "V",
              "name": "Not T",
              "equals": "ACG"
            }, {
              "symbol": "H",
              "name": "Not G",
              "equals": "ACT"
            }, {
              "symbol": "D",
              "name": "Not C",
              "equals": "AGT"
            }, {
              "symbol": "B",
              "name": "Not A",
              "equals": "CGT"
            }, {
              "symbol": "M",
              "name": "Amino",
              "equals": "AC"
            }, {
              "symbol": "R",
              "name": "Purine",
              "equals": "AG"
            }, {
              "symbol": "W",
              "name": "Weak",
              "equals": "AT"
            }, {
              "symbol": "S",
              "name": "Strong",
              "equals": "CG"
            }, {
              "symbol": "Y",
              "name": "Pyrimidine",
              "equals": "CT"
            }, {
              "symbol": "K",
              "name": "Keto",
              "equals": "GT"
            }
          ]
        },
        "background": [0.25, 0.25, 0.25, 0.25],
        "query_dbs": [
          {
            "source": "/ocean/projects/bio230007p/sujathab/Motif_analysis/output/meme_chip_human_specific_enhancer/streme_out/streme.xml",
            "name": "streme.xml",
            "loaded": 28,
            "excluded": 0,
            "last_modified": "Thu Apr  9 00:36:03 2026"
          }
        ],
        "target_dbs": [
          {
            "source": "/ocean/projects/bio230007p/sujathab/motif_dbs/JASPAR2026_vertebrates_combined.meme",
            "name": "JASPAR2026_vertebrates_combined",
            "loaded": 1019,
            "excluded": 0,
            "last_modified": "Tue Apr  7 23:54:07 2026"
          }
        ],
        "queries": [
          {
            "db": 0,
            "id": "1-CCACYAGRKGGCRSYADW",
            "alt": "STREME-1",
            "len": 18,
            "nsites": 783,
            "evalue": "1.2e-014",
            "pwm": [
              [0.0689795, 0.861959, 0.0220683, 0.0469929], 
              [8.79843e-05, 0.983619, 0.00447894, 0.0118142], 
              [0.908871, 0.00741049, 0.017671, 0.066048], 
              [0.0455271, 0.688997, 0.252196, 0.01328], 
              [0.186242, 0.293237, 0.0249998, 0.495521], 
              [0.924994, 0.00154738, 0.0425892, 0.0308693], 
              [0.00155376, 0.00301315, 0.992413, 0.00301954], 
              [0.570276, 0.00594471, 0.423692, 8.79843e-05], 
              [0.0279378, 0.00301315, 0.432487, 0.536562], 
              [0.0103484, 8.15981e-05, 0.989482, 8.79843e-05], 
              [0.0162116, 0.010342, 0.87222, 0.101227], 
              [0.0557875, 0.88248, 0.00301315, 0.0587191], 
              [0.640633, 0.00594471, 0.329882, 0.0235404], 
              [0.118816, 0.413431, 0.409034, 0.0587192], 
              [0.162789, 0.284443, 0.0865626, 0.466205], 
              [0.514576, 0.167181, 0.247798, 0.0704453], 
              [0.222886, 0.151057, 0.243401, 0.382656], 
              [0.38119, 0.140796, 0.17451, 0.303504]
            ]
          }, {
            "db": 0,
            "id": "10-AGGCAGAGC",
            "alt": "STREME-10",
            "len": 9,
            "nsites": 84,
            "evalue": "7.8e-003",
            "pwm": [
              [0.995052, 0.00159391, 0.00159391, 0.00176062], 
              [0.00176062, 0.108377, 0.888102, 0.00176062], 
              [0.00176062, 0.00159391, 0.994885, 0.00176062], 
              [0.00176062, 0.994885, 0.00159391, 0.00176062], 
              [0.980872, 0.0157737, 0.00159391, 0.00176062], 
              [0.00176062, 0.00159391, 0.994885, 0.00176062], 
              [0.806236, 0.19041, 0.00159391, 0.00176062], 
              [0.00176062, 0.00159391, 0.994885, 0.00176062], 
              [0.00176062, 0.994885, 0.00159391, 0.00176062]
            ]
          }, {
            "db": 0,
            "id": "11-TATTTTAAA",
            "alt": "STREME-11",
            "len": 9,
            "nsites": 671,
            "evalue": "1.1e-002",
            "pwm": [
              [0.047353, 0.102177, 0.0336704, 0.8168], 
              [0.783112, 0.000440071, 0.0991574, 0.117291], 
              [0.00049186, 0.039382, 0.000440071, 0.959686], 
              [0.0358683, 0.0339169, 0.000440071, 0.929775], 
              [0.00049186, 0.0186915, 0.0143393, 0.966477], 
              [0.00049186, 0.0336221, 0.026142, 0.939744], 
              [0.879795, 0.0312117, 0.000440071, 0.0885533], 
              [0.948895, 0.0501734, 0.000440071, 0.00049186], 
              [0.876206, 0.000440071, 0.0806491, 0.0427051]
            ]
          }, {
            "db": 0,
            "id": "12-CTCTSTCTCTSTCTC",
            "alt": "STREME-12",
            "len": 15,
            "nsites": 230,
            "evalue": "1.2e-002",
            "pwm": [
              [0.0262255, 0.839922, 0.133521, 0.000332947], 
              [0.0179269, 0.0655879, 0.0719005, 0.844584], 
              [0.017927, 0.835032, 0.0296306, 0.117411], 
              [0.0237916, 0.000307395, 0.0179013, 0.958], 
              [0.0262255, 0.319562, 0.545588, 0.108624], 
              [0.00619759, 0.0976357, 0.000307395, 0.895859], 
              [0.0941673, 0.896894, 0.00274136, 0.00619759], 
              [0.0472501, 0.175227, 0.0589539, 0.718569], 
              [0.0350225, 0.836311, 0.0555233, 0.0731429], 
              [0.0531149, 0.0530893, 0.0179013, 0.875895], 
              [0.00619759, 0.294387, 0.553942, 0.145474], 
              [0.00619759, 0.093541, 0.0261999, 0.874062], 
              [0.114195, 0.734159, 0.104395, 0.0472501], 
              [0.127112, 0.0579357, 0.0472246, 0.767727], 
              [0.0296562, 0.743797, 0.0472246, 0.179323]
            ]
          }, {
            "db": 0,
            "id": "13-AAAATAAAA",
            "alt": "STREME-13",
            "len": 9,
            "nsites": 655,
            "evalue": "1.2e-002",
            "pwm": [
              [0.961658, 0.0368597, 0.000698581, 0.000783488], 
              [0.934552, 0.000698581, 0.0639659, 0.000783488], 
              [0.902217, 0.000698581, 0.0340335, 0.0630505], 
              [0.924517, 0.000698581, 0.040428, 0.0343564], 
              [0.000783488, 0.0696849, 0.000698581, 0.928833], 
              [0.896731, 0.000698581, 0.101787, 0.000783488], 
              [0.880346, 0.0572169, 0.0341687, 0.0282686], 
              [0.87367, 0.000698581, 0.0479935, 0.077638], 
              [0.8814, 0.000698581, 0.0890347, 0.0288674]
            ]
          }, {
            "db": 0,
            "id": "14-AAAAAAAAMAAAAAAAAA",
            "alt": "STREME-14",
            "len": 18,
            "nsites": 224,
            "evalue": "1.3e-002",
            "pwm": [
              [0.991524, 0.00216793, 0.000303884, 0.00600395], 
              [0.999064, 0.000303884, 0.000303884, 0.00032861], 
              [0.665634, 0.122556, 0.149053, 0.0627562], 
              [0.702726, 0.222863, 0.045706, 0.0287048], 
              [0.96785, 0.0286807, 0.00314149, 0.00032861], 
              [0.822452, 0.176916, 0.000303884, 0.00032861], 
              [0.908243, 0.000303884, 0.0911239, 0.00032861], 
              [0.993388, 0.00597934, 0.000303884, 0.00032861], 
              [0.605529, 0.371137, 0.0116544, 0.011679], 
              [0.993388, 0.000303884, 0.00597922, 0.00032861], 
              [0.834465, 0.000303884, 0.159228, 0.00600383], 
              [0.877988, 0.12138, 0.000303884, 0.00032861], 
              [0.976363, 0.000303884, 0.0116545, 0.0116792], 
              [0.692446, 0.269442, 0.0321068, 0.00600383], 
              [0.636116, 0.162244, 0.195636, 0.00600383], 
              [0.837799, 0.0650877, 0.0967848, 0.00032861], 
              [0.961872, 0.000303884, 0.0374954, 0.00032861], 
              [0.89848, 0.0895373, 0.0059791, 0.00600383]
            ]
          }, {
            "db": 0,
            "id": "15-GAAACCCTGTCTCRA",
            "alt": "STREME-15",
            "len": 15,
            "nsites": 91,
            "evalue": "1.6e-002",
            "pwm": [
              [0.0495442, 0.010385, 0.939422, 0.000648436], 
              [0.792778, 0.0495016, 0.127734, 0.0299859], 
              [0.675427, 0.0495016, 0.215748, 0.0593233], 
              [0.968802, 0.000605829, 0.000605829, 0.0299859], 
              [0.0104276, 0.85141, 0.010385, 0.127777], 
              [0.0593233, 0.841631, 0.0299433, 0.0691029], 
              [0.0495442, 0.831852, 0.0397225, 0.0788816], 
              [0.108219, 0.000605829, 0.0201642, 0.871011], 
              [0.0593237, 0.000605829, 0.929643, 0.0104276], 
              [0.0104276, 0.117956, 0.000605829, 0.871011], 
              [0.0202067, 0.978539, 0.000605829, 0.000648436], 
              [0.0104276, 0.010385, 0.0201642, 0.959023], 
              [0.039765, 0.616708, 0.0690598, 0.274467], 
              [0.479836, 0.0886181, 0.421118, 0.0104276], 
              [0.734103, 0.108177, 0.108177, 0.0495442]
            ]
          }, {
            "db": 0,
            "id": "16-AYCGAG",
            "alt": "STREME-16",
            "len": 6,
            "nsites": 584,
            "evalue": "2.4e-002",
            "pwm": [
              [0.996557, 0.0011022, 0.0011022, 0.00123841], 
              [0.00123841, 0.628668, 0.0011022, 0.368991], 
              [0.00123841, 0.996421, 0.0011022, 0.00123841], 
              [0.00123841, 0.0011022, 0.996421, 0.00123841], 
              [0.954733, 0.0429261, 0.0011022, 0.00123841], 
              [0.00123841, 0.0970064, 0.604895, 0.29686]
            ]
          }, {
            "db": 0,
            "id": "17-AATCCCAGCACTYRGGAGGC",
            "alt": "STREME-17",
            "len": 20,
            "nsites": 73,
            "evalue": "3.1e-002",
            "pwm": [
              [0.910789, 0.0297161, 0.0441584, 0.0153367], 
              [0.896346, 0.000831432, 0.101928, 0.000894356], 
              [0.029779, 0.0586007, 0.000831432, 0.910789], 
              [0.029779, 0.896284, 0.0152737, 0.0586636], 
              [0.029779, 0.795187, 0.000831432, 0.174202], 
              [0.0586636, 0.881841, 0.000831432, 0.0586636], 
              [0.997443, 0.000831432, 0.000831432, 0.000894356], 
              [0.0153367, 0.000831432, 0.982938, 0.000894356], 
              [0.029779, 0.795187, 0.073043, 0.101991], 
              [0.881904, 0.0874853, 0.0297161, 0.000894356], 
              [0.029779, 0.881841, 0.000831432, 0.0875482], 
              [0.029779, 0.101928, 0.0441584, 0.824135], 
              [0.000894356, 0.405222, 0.101928, 0.491956], 
              [0.304183, 0.000831432, 0.607437, 0.0875482], 
              [0.188644, 0.000831432, 0.809629, 0.000894356], 
              [0.101991, 0.000831432, 0.881841, 0.0153367], 
              [0.881904, 0.0297161, 0.0152737, 0.0731059], 
              [0.130875, 0.0152737, 0.809629, 0.0442213], 
              [0.145317, 0.0586007, 0.795187, 0.000894356], 
              [0.0586636, 0.809629, 0.0152737, 0.116433]
            ]
          }, {
            "db": 0,
            "id": "18-AAAGGYRTGYGCCACCAYD",
            "alt": "STREME-18",
            "len": 19,
            "nsites": 51,
            "evalue": "3.1e-002",
            "pwm": [
              [0.97408, 0.00123845, 0.0233463, 0.00133477], 
              [0.620355, 0.178101, 0.111778, 0.0897661], 
              [0.996188, 0.00123845, 0.00123845, 0.00133477], 
              [0.0455505, 0.00123845, 0.951877, 0.00133477], 
              [0.133981, 0.0454541, 0.819229, 0.00133477], 
              [0.00133477, 0.421287, 0.0233463, 0.554032], 
              [0.35506, 0.0233463, 0.576043, 0.0455505], 
              [0.0897661, 0.00123845, 0.00123845, 0.907757], 
              [0.0897661, 0.0233463, 0.885553, 0.00133477], 
              [0.0897661, 0.443396, 0.0675619, 0.399276], 
              [0.288737, 0.0233463, 0.686582, 0.00133477], 
              [0.0234426, 0.973984, 0.00123845, 0.00133477], 
              [0.00133477, 0.951877, 0.00123845, 0.0455505], 
              [0.951973, 0.00123845, 0.00123845, 0.0455505], 
              [0.0897661, 0.90766, 0.00123845, 0.00133477], 
              [0.0455505, 0.885553, 0.00123845, 0.0676582], 
              [0.88565, 0.0896698, 0.0233463, 0.00133477], 
              [0.0234426, 0.598151, 0.0675619, 0.310845], 
              [0.443493, 0.00123845, 0.310748, 0.244521]
            ]
          }, {
            "db": 0,
            "id": "19-CTCCTCTTCCTC",
            "alt": "STREME-19",
            "len": 12,
            "nsites": 39,
            "evalue": "3.1e-002",
            "pwm": [
              [0.00198982, 0.888245, 0.00183598, 0.107929], 
              [0.0726099, 0.00183598, 0.0724561, 0.853098], 
              [0.00879135, 0.987383, 0.00183598, 0.00198982], 
              [0.0372992, 0.958875, 0.00183598, 0.00198982], 
              [0.00198982, 0.00183598, 0.00183598, 0.994338], 
              [0.00198982, 0.994185, 0.00183598, 0.00198982], 
              [0.00198982, 0.00183598, 0.0371461, 0.959028], 
              [0.0726099, 0.00183598, 0.00183598, 0.923719], 
              [0.0372992, 0.958875, 0.00183598, 0.00198982], 
              [0.00198982, 0.994185, 0.00183598, 0.00198982], 
              [0.0372992, 0.119546, 0.00183598, 0.841318], 
              [0.0372992, 0.958875, 0.00183598, 0.00198982]
            ]
          }, {
            "db": 0,
            "id": "2-AGGAARY",
            "alt": "STREME-2",
            "len": 7,
            "nsites": 3420,
            "evalue": "4.6e-010",
            "pwm": [
              [0.937358, 0.019549, 0.0196072, 0.0234853], 
              [0.0356916, 0.00497823, 0.959184, 0.000146377], 
              [0.000146377, 0.0631674, 0.91767, 0.0190156], 
              [0.984225, 0.0083676, 0.000130534, 0.00727685], 
              [0.998711, 0.00101238, 0.000130534, 0.000146377], 
              [0.478984, 0.000130534, 0.520739, 0.000146377], 
              [0.0316938, 0.525221, 0.106522, 0.336562]
            ]
          }, {
            "db": 0,
            "id": "20-AGTWACT",
            "alt": "STREME-20",
            "len": 7,
            "nsites": 1155,
            "evalue": "3.1e-002",
            "pwm": [
              [0.72376, 0.110214, 0.075422, 0.0906034], 
              [0.0404382, 0.0361418, 0.883198, 0.040222], 
              [0.00599053, 0.0574299, 0.0196455, 0.916934], 
              [0.431153, 0.068847, 0.068847, 0.431153], 
              [0.916934, 0.0196455, 0.0574299, 0.00599053], 
              [0.040222, 0.883198, 0.0361418, 0.0404382], 
              [0.0906034, 0.075422, 0.110214, 0.72376]
            ]
          }, {
            "db": 0,
            "id": "21-CCAAGGC",
            "alt": "STREME-21",
            "len": 7,
            "nsites": 2746,
            "evalue": "3.2e-002",
            "pwm": [
              [0.000347449, 0.998996, 0.000308906, 0.000347449], 
              [0.102298, 0.699529, 0.148616, 0.0495574], 
              [0.696584, 0.000308906, 0.277676, 0.025431], 
              [0.641574, 0.115842, 0.15459, 0.0879939], 
              [0.0453475, 0.133809, 0.820496, 0.000347449], 
              [0.000347449, 0.000308906, 0.910653, 0.0886904], 
              [0.0643623, 0.934981, 0.000308906, 0.000347449]
            ]
          }, {
            "db": 0,
            "id": "22-ACACACATACACAYA",
            "alt": "STREME-22",
            "len": 15,
            "nsites": 363,
            "evalue": "4.0e-002",
            "pwm": [
              [0.902149, 0.00613926, 0.0914185, 0.00029341], 
              [0.0120363, 0.669761, 0.0413679, 0.276835], 
              [0.951068, 0.000267828, 0.0483708, 0.00029341], 
              [0.0179077, 0.794309, 0.0505237, 0.137259], 
              [0.839747, 0.000267828, 0.0886881, 0.0712979], 
              [0.02312, 0.851451, 0.0077042, 0.117724], 
              [0.91697, 0.0120107, 0.0531108, 0.0179078], 
              [0.0179077, 0.297391, 0.0726489, 0.612052], 
              [0.670216, 0.029625, 0.250457, 0.0497017], 
              [0.0296506, 0.819063, 0.0133882, 0.137898], 
              [0.898555, 0.000267828, 0.0472396, 0.0539378], 
              [0.00029341, 0.87508, 0.0120107, 0.112616], 
              [0.946328, 0.00613926, 0.0472393, 0.00029341], 
              [0.0312531, 0.457198, 0.0416407, 0.469908], 
              [0.835283, 0.0237535, 0.0743853, 0.0665788]
            ]
          }, {
            "db": 0,
            "id": "23-AGGCAGG",
            "alt": "STREME-23",
            "len": 7,
            "nsites": 716,
            "evalue": "4.1e-002",
            "pwm": [
              [0.933096, 0.0213864, 0.0213864, 0.0241315], 
              [0.0241315, 0.0213864, 0.93035, 0.0241315], 
              [0.0241315, 0.0213864, 0.93035, 0.0241315], 
              [0.0241315, 0.93035, 0.0213864, 0.0241315], 
              [0.933096, 0.0213864, 0.0213864, 0.0241315], 
              [0.0241315, 0.0213864, 0.93035, 0.0241315], 
              [0.0241315, 0.0213864, 0.93035, 0.0241315]
            ]
          }, {
            "db": 0,
            "id": "24-AGAAATGA",
            "alt": "STREME-24",
            "len": 8,
            "nsites": 189,
            "evalue": "4.3e-002",
            "pwm": [
              [0.965001, 0.0324781, 0.00119244, 0.00132875], 
              [0.00132875, 0.00119244, 0.99615, 0.00132875], 
              [0.996286, 0.00119244, 0.00119244, 0.00132875], 
              [0.996286, 0.00119244, 0.00119244, 0.00132875], 
              [0.996286, 0.00119244, 0.00119244, 0.00132875], 
              [0.00132875, 0.269818, 0.00119244, 0.727661], 
              [0.00132875, 0.00119244, 0.99615, 0.00132875], 
              [0.996286, 0.00119244, 0.00119244, 0.00132875]
            ]
          }, {
            "db": 0,
            "id": "25-AGCAACCACA",
            "alt": "STREME-25",
            "len": 10,
            "nsites": 86,
            "evalue": "4.6e-002",
            "pwm": [
              [0.97567, 0.0222191, 0.00100914, 0.00110155], 
              [0.00110155, 0.0405814, 0.815555, 0.142762], 
              [0.00110155, 0.937594, 0.00100914, 0.0602948], 
              [0.97567, 0.00100914, 0.0222191, 0.00110155], 
              [0.996881, 0.00100914, 0.00100914, 0.00110155], 
              [0.00110155, 0.869515, 0.00100914, 0.128374], 
              [0.114605, 0.883284, 0.00100914, 0.00110155], 
              [0.874357, 0.00100914, 0.0434289, 0.0812048], 
              [0.00110155, 0.996788, 0.00100914, 0.00110155], 
              [0.996881, 0.00100914, 0.00100914, 0.00110155]
            ]
          }, {
            "db": 0,
            "id": "26-ACCACATCCTC",
            "alt": "STREME-26",
            "len": 11,
            "nsites": 62,
            "evalue": "1.1e-001",
            "pwm": [
              [0.996476, 0.00114281, 0.00114281, 0.00123797], 
              [0.00123797, 0.996381, 0.00114281, 0.00123797], 
              [0.00123797, 0.821637, 0.0448284, 0.132297], 
              [0.856349, 0.00114281, 0.00114281, 0.141365], 
              [0.00123797, 0.996381, 0.00114281, 0.00123797], 
              [0.799888, 0.00114281, 0.197731, 0.00123797], 
              [0.0449237, 0.0596405, 0.00114281, 0.894293], 
              [0.0758326, 0.797758, 0.00114281, 0.125267], 
              [0.00123797, 0.996381, 0.00114281, 0.00123797], 
              [0.088612, 0.00114281, 0.00114281, 0.909102], 
              [0.0449246, 0.65145, 0.127631, 0.175993]
            ]
          }, {
            "db": 0,
            "id": "27-CTCAGAGATCA",
            "alt": "STREME-27",
            "len": 11,
            "nsites": 85,
            "evalue": "1.1e-001",
            "pwm": [
              [0.0317231, 0.929338, 0.000816331, 0.0381227], 
              [0.0468005, 0.0933419, 0.000816331, 0.859041], 
              [0.0163033, 0.929337, 0.0534759, 0.000883515], 
              [0.812443, 0.139596, 0.000816331, 0.0471449], 
              [0.000883515, 0.000816331, 0.997417, 0.000883515], 
              [0.997484, 0.000816331, 0.000816331, 0.000883515], 
              [0.0317237, 0.000816331, 0.904897, 0.0625633], 
              [0.887352, 0.000816331, 0.0316566, 0.0801753], 
              [0.0625665, 0.155028, 0.0779217, 0.704484], 
              [0.000883515, 0.997417, 0.000816331, 0.000883515], 
              [0.663207, 0.0779178, 0.216695, 0.0421796]
            ]
          }, {
            "db": 0,
            "id": "28-CTGAGCCATCTCTCYAGC",
            "alt": "STREME-28",
            "len": 18,
            "nsites": 31,
            "evalue": "1.2e-001",
            "pwm": [
              [0.0363135, 0.857007, 0.0703661, 0.0363135], 
              [0.00211193, 0.0361645, 0.0361645, 0.925559], 
              [0.00211193, 0.00196291, 0.993814, 0.00211193], 
              [0.925559, 0.0703661, 0.00196291, 0.00211193], 
              [0.207322, 0.0703661, 0.685999, 0.0363135], 
              [0.00211193, 0.993814, 0.00196291, 0.00211193], 
              [0.0705151, 0.651797, 0.00196291, 0.275725], 
              [0.95976, 0.00196291, 0.0361645, 0.00211193], 
              [0.00211193, 0.138769, 0.00196291, 0.857155], 
              [0.0363135, 0.891209, 0.0703661, 0.00211193], 
              [0.00211193, 0.0361645, 0.00196291, 0.95976], 
              [0.00211193, 0.891209, 0.00196291, 0.104717], 
              [0.207322, 0.00196291, 0.0361645, 0.754551], 
              [0.0363135, 0.92541, 0.00196291, 0.0363135], 
              [0.0363135, 0.549193, 0.00196291, 0.412531], 
              [0.788753, 0.00196291, 0.138769, 0.0705151], 
              [0.0705151, 0.0703661, 0.857007, 0.00211193], 
              [0.104717, 0.7202, 0.00196291, 0.17312]
            ]
          }, {
            "db": 0,
            "id": "3-CCCCWCCCCCMCC",
            "alt": "STREME-3",
            "len": 13,
            "nsites": 751,
            "evalue": "2.3e-006",
            "pwm": [
              [0.010858, 0.977648, 8.93907e-05, 0.0114046], 
              [0.0290847, 0.900051, 0.0477214, 0.0231422], 
              [9.66041e-05, 0.966648, 0.00174499, 0.0315107], 
              [0.0330681, 0.903452, 0.0289216, 0.0345581], 
              [0.481415, 0.120427, 0.137911, 0.260247], 
              [0.0569252, 0.863849, 0.0250268, 0.0541985], 
              [0.019401, 0.913626, 0.0464467, 0.020527], 
              [0.0536236, 0.916389, 0.0232677, 0.00671897], 
              [0.0149971, 0.860096, 8.93907e-05, 0.124818], 
              [0.153193, 0.720802, 0.0100229, 0.115982], 
              [0.43103, 0.244379, 0.210306, 0.114285], 
              [0.109918, 0.653381, 0.158201, 0.0784995], 
              [0.0808576, 0.757407, 0.0249239, 0.136811]
            ]
          }, {
            "db": 0,
            "id": "4-WRYAAAYA",
            "alt": "STREME-4",
            "len": 8,
            "nsites": 2586,
            "evalue": "3.3e-006",
            "pwm": [
              [0.557553, 0.000147512, 0.000147512, 0.442152], 
              [0.602192, 0.000147512, 0.397495, 0.000165234], 
              [0.000165234, 0.365961, 0.000147512, 0.633727], 
              [0.99954, 0.000147512, 0.000147512, 0.000165234], 
              [0.99954, 0.000147512, 0.000147512, 0.000165234], 
              [0.99954, 0.000147512, 0.000147512, 0.000165234], 
              [0.000165234, 0.364741, 0.000147512, 0.634946], 
              [0.720864, 0.000147512, 0.278824, 0.000165234]
            ]
          }, {
            "db": 0,
            "id": "5-AAGTCA",
            "alt": "STREME-5",
            "len": 6,
            "nsites": 8329,
            "evalue": "1.3e-004",
            "pwm": [
              [0.717536, 0.00130732, 0.257324, 0.0238329], 
              [0.781955, 0.0376149, 0.158249, 0.0221816], 
              [0.0559667, 0.0840249, 0.859753, 0.000255763], 
              [0.00790265, 0.0805545, 0.0167317, 0.894811], 
              [0.0375926, 0.931754, 0.00558088, 0.0250729], 
              [0.968647, 0.00443206, 0.0265852, 0.000335362]
            ]
          }, {
            "db": 0,
            "id": "6-TMCCCA",
            "alt": "STREME-6",
            "len": 6,
            "nsites": 2628,
            "evalue": "2.1e-004",
            "pwm": [
              [0.00109535, 0.000971649, 0.000971649, 0.996962], 
              [0.491286, 0.506647, 0.000971649, 0.00109535], 
              [0.00109535, 0.990551, 0.00725868, 0.00109535], 
              [0.00109535, 0.996642, 0.0011674, 0.00109535], 
              [0.00109535, 0.984127, 0.0136824, 0.00109535], 
              [0.875282, 0.000971649, 0.122651, 0.00109535]
            ]
          }, {
            "db": 0,
            "id": "7-AGCAAAG",
            "alt": "STREME-7",
            "len": 7,
            "nsites": 3262,
            "evalue": "5.5e-004",
            "pwm": [
              [0.894414, 0.019879, 0.0808419, 0.00486533], 
              [0.0316798, 0.0370042, 0.915368, 0.0159486], 
              [0.000461093, 0.855556, 0.11985, 0.0241317], 
              [0.883284, 0.0824864, 0.00806887, 0.0261608], 
              [0.805204, 0.000409438, 0.183309, 0.0110775], 
              [0.878907, 0.0157741, 0.0293889, 0.0759308], 
              [0.00151527, 0.0551613, 0.939911, 0.00341222]
            ]
          }, {
            "db": 0,
            "id": "8-GGMCAGCCWGGGCTACAYAG",
            "alt": "STREME-8",
            "len": 20,
            "nsites": 90,
            "evalue": "3.1e-003",
            "pwm": [
              [0.000748264, 0.000694631, 0.997809, 0.000748264], 
              [0.013058, 0.000694631, 0.93626, 0.049987], 
              [0.56701, 0.33307, 0.0991721, 0.000748264], 
              [0.000748264, 0.887021, 0.000694631, 0.111536], 
              [0.997862, 0.000694631, 0.000694631, 0.000748264], 
              [0.111536, 0.0130043, 0.850092, 0.0253676], 
              [0.000748264, 0.94857, 0.0376237, 0.013058], 
              [0.0869161, 0.911641, 0.000694631, 0.000748264], 
              [0.530081, 0.0130043, 0.0499334, 0.406982], 
              [0.0992257, 0.000694631, 0.800854, 0.0992257], 
              [0.0746064, 0.000694631, 0.899332, 0.0253676], 
              [0.136155, 0.000694631, 0.616194, 0.246955], 
              [0.0376773, 0.911641, 0.000694631, 0.049987], 
              [0.000748264, 0.0130043, 0.000694631, 0.985553], 
              [0.862455, 0.0130043, 0.0868625, 0.0376773], 
              [0.000748264, 0.714679, 0.0376237, 0.246949], 
              [0.825527, 0.0991721, 0.0745527, 0.000748264], 
              [0.13616, 0.468479, 0.160728, 0.234632], 
              [0.899385, 0.000694631, 0.0745527, 0.0253676], 
              [0.160774, 0.0376237, 0.776234, 0.0253676]
            ]
          }, {
            "db": 0,
            "id": "9-CAGCATC",
            "alt": "STREME-9",
            "len": 7,
            "nsites": 736,
            "evalue": "7.4e-003",
            "pwm": [
              [0.00134267, 0.895349, 0.00119359, 0.102114], 
              [0.909601, 0.0671844, 0.0218716, 0.00134267], 
              [0.00134267, 0.00119359, 0.840485, 0.156979], 
              [0.00134267, 0.996121, 0.00119359, 0.00134267], 
              [0.861273, 0.00119359, 0.136191, 0.00134267], 
              [0.00134267, 0.00119359, 0.00119359, 0.996271], 
              [0.00134267, 0.996121, 0.00119359, 0.00134267]
            ]
          }
        ],
        "targets": [
          {
            "db": 0,
            "id": "MA0032.2",
            "alt": "FOXC1",
            "len": 11,
            "nsites": 19566,
            "url": "http://jaspar.elixir.no/matrix/MA0032.2",
            "pwm": [
              [0.329756, 0.0394571, 0.0155382, 0.615249], 
              [0.695237, 0.0353361, 0.202155, 0.0672729], 
              [0.344387, 0.0876138, 0.105678, 0.462323], 
              [0.257364, 0.0178012, 0.722132, 0.00270326], 
              [0.108395, 0.0717429, 0.0169382, 0.802924], 
              [0.706923, 0.289518, 0.00113327, 0.00242627], 
              [0.991151, 0.00579125, 1.27772e-06, 0.00305726], 
              [0.983558, 0.00298026, 0.00750224, 0.00595925], 
              [0.00649824, 0.467699, 0.00878823, 0.517014], 
              [0.966337, 0.00141227, 0.0226322, 0.00961823], 
              [0.31682, 0.0736509, 0.052332, 0.557198]
            ]
          }, {
            "db": 0,
            "id": "MA0033.2",
            "alt": "FOXL1",
            "len": 7,
            "nsites": 4933,
            "url": "http://jaspar.elixir.no/matrix/MA0033.2",
            "pwm": [
              [0.426106, 0.00264001, 0.542869, 0.0283845], 
              [0.00192603, 0.0799114, 5.06781e-06, 0.918157], 
              [0.874644, 0.114916, 0.0104349, 5.06781e-06], 
              [0.989019, 0.00786791, 5.06781e-06, 0.003109], 
              [0.973112, 0.0166987, 0.0101839, 5.06781e-06], 
              [5.06781e-06, 0.778859, 5.06781e-06, 0.221131], 
              [0.985349, 0.0111368, 5.06781e-06, 0.003509]
            ]
          }, {
            "db": 0,
            "id": "MA0039.5",
            "alt": "KLF4",
            "len": 8,
            "nsites": 55817,
            "url": "http://jaspar.elixir.no/matrix/MA0039.5",
            "pwm": [
              [0.0441624, 0.881612, 0.0283614, 0.0458644], 
              [0.0377134, 0.857533, 0.0217504, 0.0830033], 
              [0.125786, 0.813461, 0.0254764, 0.0352764], 
              [0.0210154, 0.947291, 0.0142074, 0.0174864], 
              [0.81699, 0.00288444, 0.118208, 0.0619173], 
              [0.0152644, 0.938172, 0.0263364, 0.0202274], 
              [0.0289704, 0.915706, 0.0335024, 0.0218214], 
              [0.0215354, 0.914505, 0.0180054, 0.0459544]
            ]
          }, {
            "db": 0,
            "id": "MA0040.2",
            "alt": "Foxq1",
            "len": 10,
            "nsites": 18,
            "url": "http://jaspar.elixir.no/matrix/MA0040.2",
            "pwm": [
              [0.719613, 0.0566303, 0.167127, 0.0566303], 
              [0.277625, 0.111878, 0.00138122, 0.609116], 
              [0.167127, 0.00138122, 0.00138122, 0.83011], 
              [0.00138122, 0.00138122, 0.995856, 0.00138122], 
              [0.00138122, 0.00138122, 0.00138122, 0.995856], 
              [0.00138122, 0.00138122, 0.00138122, 0.995856], 
              [0.00138122, 0.00138122, 0.00138122, 0.995856], 
              [0.940607, 0.00138122, 0.0566303, 0.00138122], 
              [0.00138122, 0.0566303, 0.222375, 0.719613], 
              [0.332873, 0.00138122, 0.167127, 0.498619]
            ]
          }, {
            "db": 0,
            "id": "MA0041.3",
            "alt": "FOXD3",
            "len": 14,
            "nsites": 206,
            "url": "http://jaspar.elixir.no/matrix/MA0041.3",
            "pwm": [
              [0.417395, 0.106865, 0.0631977, 0.412542], 
              [0.568565, 0.0806512, 0.246447, 0.104336], 
              [0.347281, 0.171794, 0.171794, 0.309131], 
              [0.282812, 0.0859386, 0.580647, 0.0506018], 
              [0.255811, 0.281639, 0.0207833, 0.441767], 
              [0.810155, 0.175391, 0.004858, 0.0095957], 
              [0.91903, 0.0431114, 0.0001213, 0.037737], 
              [0.944414, 0.00564362, 0.0387765, 0.0111659], 
              [0.0001213, 0.251461, 0.0001213, 0.748296], 
              [0.929018, 0.0218498, 0.010986, 0.0381458], 
              [0.850455, 0.0548207, 0.039903, 0.0548207], 
              [0.703484, 0.0700464, 0.0823864, 0.144084], 
              [0.0573625, 0.75306, 0.0573625, 0.132216], 
              [0.562911, 0.0901676, 0.135191, 0.211731]
            ]
          }, {
            "db": 0,
            "id": "MA0047.4",
            "alt": "FOXA2",
            "len": 8,
            "nsites": 262153,
            "url": "http://jaspar.elixir.no/matrix/MA0047.4",
            "pwm": [
              [0.357577, 0.0474231, 0.147006, 0.447994], 
              [0.0715991, 0.0111691, 0.901424, 0.0158081], 
              [0.0142551, 0.00777009, 0.00721009, 0.970765], 
              [0.93001, 0.0359481, 0.0100741, 0.0239671], 
              [0.850881, 0.0855571, 0.0247341, 0.0388281], 
              [0.946829, 0.0126991, 0.0107001, 0.0297731], 
              [0.00919709, 0.751351, 0.0137441, 0.225708], 
              [0.94092, 0.0117721, 0.0113831, 0.0359261]
            ]
          }, {
            "db": 0,
            "id": "MA0056.3",
            "alt": "MZF1",
            "len": 8,
            "nsites": 8242,
            "url": "http://jaspar.elixir.no/matrix/MA0056.3",
            "pwm": [
              [0.71038, 0.123273, 0.12121, 0.0451375], 
              [0.86738, 0.0516884, 0.0467145, 0.0342176], 
              [0.0128639, 0.00679695, 0.0118929, 0.968445], 
              [0.0121359, 0.964441, 0.0121359, 0.0112869], 
              [0.0163828, 0.963228, 0.00655495, 0.0138349], 
              [0.0134709, 0.960801, 0.00703995, 0.0186878], 
              [0.0141989, 0.930955, 0.0100729, 0.0447735], 
              [0.732341, 0.0741341, 0.0587263, 0.134798]
            ]
          }, {
            "db": 0,
            "id": "MA0073.2",
            "alt": "RREB1",
            "len": 19,
            "nsites": 11,
            "url": "http://jaspar.elixir.no/matrix/MA0073.2",
            "pwm": [
              [0.272522, 0.722973, 0.00225225, 0.00225225], 
              [0.0923423, 0.903153, 0.00225225, 0.00225225], 
              [0.272522, 0.722973, 0.00225225, 0.00225225], 
              [0.00225225, 0.993243, 0.00225225, 0.00225225], 
              [0.632883, 0.362612, 0.00225225, 0.00225225], 
              [0.813063, 0.182432, 0.00225225, 0.00225225], 
              [0.722973, 0.272522, 0.00225225, 0.00225225], 
              [0.362612, 0.542793, 0.00225225, 0.0923423], 
              [0.00225225, 0.993243, 0.00225225, 0.00225225], 
              [0.993243, 0.00225225, 0.00225225, 0.00225225], 
              [0.362612, 0.632883, 0.00225225, 0.00225225], 
              [0.0923423, 0.903153, 0.00225225, 0.00225225], 
              [0.272522, 0.722973, 0.00225225, 0.00225225], 
              [0.362612, 0.542793, 0.0923423, 0.00225225], 
              [0.182432, 0.813063, 0.00225225, 0.00225225], 
              [0.362612, 0.452702, 0.00225225, 0.182432], 
              [0.362612, 0.452702, 0.0923423, 0.0923423], 
              [0.362612, 0.542793, 0.00225225, 0.0923423], 
              [0.0923423, 0.632883, 0.272522, 0.00225225]
            ]
          }, {
            "db": 0,
            "id": "MA0079.5",
            "alt": "SP1",
            "len": 9,
            "nsites": 1000,
            "url": "http://jaspar.elixir.no/matrix/MA0079.5",
            "pwm": [
              [0.00107989, 0.00107989, 0.950352, 0.0474883], 
              [0.00107989, 0.00107989, 0.99676, 0.00107989], 
              [0.00107989, 0.00107989, 0.99676, 0.00107989], 
              [0.00107989, 0.00107989, 0.99676, 0.00107989], 
              [0.266876, 0.730964, 0.00107989, 0.00107989], 
              [0.00107989, 0.00107989, 0.99676, 0.00107989], 
              [0.00107989, 0.0854595, 0.912381, 0.00107989], 
              [0.254219, 0.0517078, 0.659242, 0.0348315], 
              [0.161401, 0.00107989, 0.836439, 0.00107989]
            ]
          }, {
            "db": 0,
            "id": "MA0080.7",
            "alt": "Spi1",
            "len": 13,
            "nsites": 105198,
            "url": "http://jaspar.elixir.no/matrix/MA0080.7",
            "pwm": [
              [0.632436, 0.0652392, 0.216801, 0.0855242], 
              [0.782143, 0.0547352, 0.100895, 0.0622262], 
              [0.774359, 0.0221492, 0.0971501, 0.106342], 
              [0.0820932, 0.115981, 0.760338, 0.0415882], 
              [0.855072, 0.0246582, 0.0915992, 0.0286702], 
              [0.0387552, 0.00522823, 0.944504, 0.0115122], 
              [0.0192782, 0.00789923, 0.963734, 0.00908823], 
              [0.969713, 0.0104092, 0.0101052, 0.00977223], 
              [0.94611, 0.00910723, 0.0173202, 0.0274622], 
              [0.0723972, 0.0671782, 0.847354, 0.0130712], 
              [0.161572, 0.0353242, 0.0487462, 0.754358], 
              [0.0947931, 0.0577482, 0.792647, 0.0548112], 
              [0.220479, 0.11005, 0.548195, 0.121276]
            ]
          }, {
            "db": 0,
            "id": "MA0136.4",
            "alt": "Elf5",
            "len": 8,
            "nsites": 42146,
            "url": "http://jaspar.elixir.no/matrix/MA0136.4",
            "pwm": [
              [0.698215, 0.143905, 0.123476, 0.0344045], 
              [0.920085, 0.0232055, 0.0486175, 0.00809157], 
              [0.0121486, 0.00431858, 0.9734, 0.0101316], 
              [0.0139286, 0.0121016, 0.963933, 0.0100376], 
              [0.970339, 0.0137626, 0.00925457, 0.00664458], 
              [0.962177, 0.00923057, 0.0114136, 0.0171786], 
              [0.0619044, 0.0292795, 0.896951, 0.0118646], 
              [0.122906, 0.0796044, 0.117401, 0.680087]
            ]
          }, {
            "db": 0,
            "id": "MA0139.2",
            "alt": "CTCF",
            "len": 15,
            "nsites": 913,
            "url": "http://jaspar.elixir.no/matrix/MA0139.2",
            "pwm": [
              [0.307771, 0.0536905, 0.491759, 0.14678], 
              [0.0613567, 0.876163, 0.0230259, 0.0394531], 
              [0.00878842, 0.988966, 2.73793e-05, 0.00221814], 
              [0.814834, 0.0142648, 0.0712136, 0.0996875], 
              [0.0438346, 0.578277, 0.365814, 0.0120741], 
              [0.11734, 0.474756, 0.0526536, 0.355251], 
              [0.933039, 0.0120871, 0.0351115, 0.0197622], 
              [0.00551478, 2.73793e-05, 0.991137, 0.00332002], 
              [0.365519, 0.00332002, 0.621254, 0.0099053], 
              [0.0592969, 0.0131979, 0.553205, 0.3743], 
              [0.0132129, 2.73793e-05, 0.977942, 0.00881742], 
              [0.0615586, 0.00881742, 0.851582, 0.0780408], 
              [0.114426, 0.80632, 0.00552778, 0.0737263], 
              [0.409224, 0.0143268, 0.557722, 0.0187273], 
              [0.0903255, 0.530806, 0.338096, 0.0407719]
            ]
          }, {
